9951:
2564697
518482
1805131
2449601
842769
396555
9952:
2464121
2185479
1099221
445560
1411238
9953:
1357242
9954:
349508
2504157
741930
1394716
425547
278999
2628907
2011682
1976079
138494
781999
1354457
1941488
402261
28695
180396
2402711
1034543
1820558
1455631
534524
239417
1591056
2063671
997673
2647199
1861710
1702561
451140
1147239
511861
364980
2577906
1737152
1694532
1929441
792921
677039
2395221
708082
376732
1436768
1903221
321530
1361668
517148
77601
1491358
374009
390843
2450525
2024497
1293183
1297651
2495732
1061606
1458674
961599
763279
2201134
1640759
680389
1957733
229051
387477
1732004
823575
68325
486048
1021655
2561600
36469
1014151
2026015
2166524
1756146
814168
130350
9955:
289852
2171261
1934163
1580406
173566
1768277
1321036
9956:
1388963
9957:
1990724
1658868
733228
2257812
970206
9958:
269554
114937
1523340
2346201
1081207
275549
2354382
9959:
726540
1878900
1949726
2415876
2607310
158855
681178
1014928
851866
594460
2100731
215108
460403
1643139
968541
157419
2141290
2271118
2570397
1497710
1413799
556090
2501918
238543
1233221
921378
1368422
1122427
548269
2561844
813742
1045596
1607702
2491110
2095899
1710217
982821
677349
494966
2371114
162689
2295554
1547213
2118510
1447474
1934527
2386181
1944921
1836871
46469
1759176
996:
1648765
2143683
1587420
2383611
2524660
1366597
1827995
162556
564702
845606
2389815
1687612
279313
1476573
2174239
642014
735280
953585
2628352
1749091
969165
852012
396497
2116545
1334821
1467968
1481177
1374762
2179355
2623960
706414
2073410
451151
168962
2565955
1227656
1668715
1733394
1617471
1387844
162079
1851570
2507781
404465
1162965
2401659
416245
1533173
1161753
2294921
2040092
2468183
2310468
1956655
1190938
1877935
2513158
1071769
1207458
600289
2147251
330843
2426365
976642
733084
224139
1244397
478414
1231086
1740500
36956
1021263
2119518
2092973
465856
43841
1609709
795593
1159442
2529368
2074189
2560324
1270144
1433573
718913
1670960
141193
115935
863810
673015
1567476
849993
1895817
1985622
1183508
1030029
2531534
1386334
888992
125672
2456613
1699457
243821
2112569
247549
2068866
1235378
1731860
1915028
1983102
1272243
70384
666012
77341
2455956
1914272
1049350
1811303
384271
1586544
1810578
1967253
1817944
2187085
2450801
2608570
952442
796585
239962
1959789
1905205
1475722
1529152
2509278
601952
702189
1089763
1159861
1441182
2058221
1896638
24316
1058476
922321
1567576
474659
1434643
2266349
771797
803553
672255
272402
2294830
285398
172264
697915
546003
112777
1828251
369109
268060
1944475
959200
1362046
2519892
102786
373431
771138
1042246
1326538
1955132
1386190
1107090
1910712
2037457
791779
1358914
1131416
2349766
2012489
636429
1758871
411495
2177379
1112814
2343726
988115
1559673
581819
1165322
603163
1581482
389437
1180112
152710
2554908
874672
1486688
416133
1517170
2085051
2438156
666840
1454789
42072
938181
2412223
2218448
1573480
266821
2339669
2436768
338591
482763
1437947
421339
2134698
85458
729475
1844868
85915
344888
34756
166982
1262705
445537
1365875
900281
991736
1601271
1830325
2183894
1628405
788699
2542461
228116
2087716
2025369
2100576
2369102
344822
795975
2633630
1660371
1605498
2571494
691021
1826224
1357099
1011092
2382229
1918033
1916472
738658
2237845
962260
67518
353220
857641
306153
2021052
2335800
1638676
583234
1215430
354896
2542332
296061
321495
766547
1089944
2327752
1485
945815
1546617
1972019
407174
9960:
2549056
1789913
1573433
598533
1749158
2485043
821274
800513
1795365
968447
1319336
2545483
2172596
1814570
1511657
2036294
678220
2385153
765461
1773251
2352811
2382438
1040960
163147
500758
2289308
840163
797162
560821
79772
1628738
1609414
885219
1502066
41611
1886139
1512058
211805
253271
585055
384520
1123197
2551647
2321569
2540082
18986
2195032
1350398
651867
248272
379236
71059
2225637
2227381
260234
1888599
145599
90023
593167
1782261
820788
2641735
2004639
1631725
1140709
2494405
708790
1127458
267305
2303437
472463
1712027
414415
761160
1654015
2005138
1241507
2151023
2624387
2256127
1748894
1901127
235211
730659
380765
2160684
1055651
218910
2324500
1740888
185971
355145
2103274
862511
105361
827080
92717
763953
654884
1305371
337412
1292919
639596
379563
1530809
149826
736701
1848865
1266778
1648178
534193
1514935
875170
472830
1263318
530805
172344
2518384
284793
2300027
2185496
589768
1708931
2049285
2345015
481640
906813
2022178
2132764
2112912
2586007
578799
206045
290970
1354920
1434934
1422175
262862
1271784
2507201
243766
2122903
1056494
2336847
1385170
1722534
571869
900069
1890641
603350
1730773
2624154
1443472
864399
408591
1984013
1017586
1790809
1215092
450126
1753307
1162405
1140367
496488
1003754
2585238
878114
2302791
887928
2013639
1674333
249180
2258706
2372703
1337313
2406949
2230593
82316
2407526
48307
1731274
1572776
938173
2506837
663355
327417
203109
2434795
78550
1297634
2328842
2025715
1721113
1089372
1136967
2142901
1246380
1794760
149019
1675620
1563668
1334016
933250
1906492
1949639
1881507
1789920
486071
2325997
522453
1970225
1914748
739974
1025414
207461
1170411
25009
2024878
335015
2328059
757020
443319
2070952
853381
2358537
2379987
884422
450796
1280131
593554
1562919
998503
1771719
1570413
2317802
680162
1144465
1856558
2647190
738064
2248220
2054700
2167100
504105
1046653
112592
1040097
2400035
2430231
852819
42014
2611933
500805
1160082
1528099
976202
279445
1783672
1644385
555962
1119187
850878
1026468
271143
934625
2631911
1852918
9961:
1266665
1734649
426128
2298006
174365
2571850
2538212
116101
1914674
1228200
2344684
2391026
1275836
1243051
1688079
1450376
1891279
1035905
2627656
2345100
2103439
1323891
84400
1875589
762779
1271812
769613
1725015
1754091
1012887
938655
1626720
279234
1121211
1474415
1077540
400116
327400
9962:
1869926
2008087
323269
1570281
9963:
652356
513501
1122399
1828042
663882
1224025
1204018
943314
9964:
2081817
2301497
485943
1990521
711865
606308
33465
509677
1560019
2329805
556059
961678
2590925
212158
959957
1379550
252492
799102
1535820
1312282
414076
68097
1680063
1181573
970978
964018
1820892
2362135
2574195
731341
1281152
2462978
851548
1694440
1303769
82197
883196
77658
386246
526359
9965:
1797166
555018
1155569
2179021
1401267
1845668
2573688
902944
9966:
278047
2079929
803734
1767179
1586849
345940
2183914
2646830
1657672
1168532
474700
30815
891625
630531
1558355
1688771
1089603
1025536
972294
2106068
1134993
1134793
877541
1283300
426884
466775
1206755
2337795
1156643
1947518
1339506
630457
1076973
2477340
1086168
1434059
1164815
1962128
580056
1870615
1257299
637206
2249968
1173757
2642102
394563
1957291
1041198
1113190
522712
2151488
1381097
540803
2028180
928740
1061638
2591322
45016
2440932
2476266
377331
1714630
1513265
1031255
2227938
864012
1037596
2051935
1498109
261578
1018244
1021638
40757
1682278
2602400
1448434
204041
111125
494868
1224755
447406
2046351
316527
2281042
9967:
1746835
209610
9968:
509518
183683
9969:
669662
1722664
997:
939283
126127
379107
642195
2483976
861768
1683161
577480
822551
381337
9970:
2278190
127547
1058902
527052
1714983
1001413
1099179
1878136
749304
2419726
1599407
1795576
531732
2212417
572316
1282878
709767
428318
1623447
2064359
2177511
38996
2409624
2102742
1042148
1198389
391438
189152
1280761
2414042
370539
2013808
1673131
2458290
808674
1018814
426078
553823
1971630
2161088
9971:
312110
1430466
1274754
493689
9972:
2006132
2381917
1203432
1121383
548418
1244898
693356
1593250
187870
1748073
2594209
1744339
1034322
9974:
1462151
1024535
2391096
867162
2532688
1876896
2563601
1356835
1849372
1675794
499334
1579714
2535210
853151
1596284
1385806
767826
9975:
1124974
862596
434848
137341
108936
2097249
2560020
1999075
9976:
379957
1792333
1277109
1542171
2212455
769643
1326900
1340938
340008
600815
718112
731248
1566641
507130
1860427
104348
926471
1484146
660959
2425137
1535629
291552
2646179
2108198
2048197
2212081
1904509
1228185
574368
1760851
9977:
1696916
860915
1623397
2100462
910404
592445
2349040
218734
1241395
2350131
1691464
147182
205239
1508036
553651
1349453
1080950
1271817
1157302
9978:
2226601
1034611
2478510
1382328
2099372
9979:
108031
2253959
614469
335236
2142748
998:
151209
1753332
939094
2244085
2267369
9980:
121832
419072
1541638
1123410
1987866
2192258
1422740
730002
9981:
1359983
1506089
71390
845912
814517
71712
1170807
690266
1822079
30391
1793342
1629522
760820
1261834
2170201
1808539
381381
2451459
1217575
1577724
580414
1991601
2448946
95183
1433954
1475790
1707310
882281
819166
196984
1540655
1542247
1795069
907857
1020479
2309429
2445812
2406529
1646777
2247096
624976
2540652
245667
2008107
1603196
2399876
2394035
1362840
1983268
660547
1363250
160306
1270812
2368895
766333
486403
800893
603781
1756082
730354
1463139
2340502
870787
191685
1190904
2587984
2567280
1505471
553143
1800607
2167513
1305276
980987
1892712
2433841
36669
1590921
595285
55406
1884346
1663475
2192196
2323179
1441938
1838411
1834774
1331891
2418918
1365323
2224171
855422
1298874
1109400
2311197
2088569
458138
827310
2202342
935755
474049
1893676
1243615
2436533
2087880
790411
1567353
2368684
982661
1429971
941971
1329734
1667807
574513
2041650
1064911
2070820
1665012
2314951
824635
9982:
866739
1931102
472172
1777847
298587
2352287
9983:
166663
2426793
2428988
1747332
1226091
2494367
315069
322417
2156932
2123614
1502136
738136
1257751
1126078
805004
1721460
607191
928056
2637216
120828
383292
241056
1514578
1236209
391101
924380
680155
86994
804533
2121232
2373114
1680373
782502
645087
1806311
1993351
1874263
2609412
1913536
49089
9984:
2497047
885878
2640984
2627593
587473
2610168
185781
1787459
1487668
608891
474592
523142
1792263
312081
2062922
2432658
2122854
1970310
2169373
329970
1603965
26116
697831
1171464
1741484
1140160
878692
357490
1221346
2535525
1319649
2081163
1526188
2136994
938923
281133
210880
2017138
2337600
307774
2355320
1962309
1924658
1566682
1214273
1546809
2122139
260188
1790979
138507
1532119
2573134
2541891
1954431
1690548
1418755
1653637
1047492
1409465
2611714
510881
1414343
1016619
2362238
822507
2124558
1173724
774016
1182128
1257055
1678483
1255910
185205
2420368
91254
740291
2350839
1496453
271991
1847518
1730689
136504
1817991
32461
1197948
621393
9985:
2556008
919454
984936
87153
181594
1341972
1689013
2420630
2008349
2252814
902702
1035520
989093
1699845
2335381
1091835
2153970
1126408
1882450
1783117
174644
1460008
978593
2273561
1067303
1092645
452905
1155602
1463348
902748
747422
1249193
464335
830762
2175634
2239709
671337
2204653
1397583
413945
1183823
43209
2605404
57648
994185
1269137
2277793
768684
2385719
108311
1384354
463894
1293310
1690637
1600747
1239100
1519914
339666
200714
1632745
2185057
612234
1775332
912036
1061240
1995379
2396007
112260
1021220
9986:
1809758
210907
2199439
1047007
2520356
2231842
1538044
1212467
969753
682217
2420535
778486
907985
1572042
1815469
1300942
1824910
1635194
320707
2225344
1385862
62361
2545927
1739782
930789
10630
602270
2558773
911390
1021166
416881
505249
1197427
107150
1068015
2015346
2237405
156183
1198276
1825620
848753
1233091
2100787
462957
1980771
770894
707243
1709861
2645498
1081393
1942473
2646657
664825
2259665
2075951
2167181
879551
1633251
2468330
9987:
2557070
215405
2324417
557544
237567
2223988
2455506
2475151
47032
1374697
1441518
399755
2096942
1304156
2648416
2329131
1271765
335873
339829
2232703
894177
257817
919816
966771
1892633
459317
1058100
2244894
1155918
185723
1831188
374514
404513
1482453
2178278
2566731
2356165
1243541
1551139
544740
2189876
1081441
1627662
1671056
2102706
2434541
2590408
1820919
1960954
715966
1406096
259035
761884
1146898
1403059
2410603
525978
855605
1033920
9988:
551587
1994097
1721678
2642752
853872
1214262
2189854
2500833
1947062
383038
2079530
1595787
2623694
2465085
1901262
423038
1987167
418639
925290
454557
537482
2587643
158693
873526
9989:
2026414
505558
865727
1800566
999:
1368356
1748518
1686297
2504950
2346329
232047
2192206
1614384
1459773
2641934
2467845
1762067
2528285
883247
2111370
2377472
917160
9990:
1955570
2240489
1019766
1436465
2017966
2345643
2619241
1623203
1714156
9991:
963134
1262283
2043746
1289965
1892326
1498198
1297073
14131
758784
749504
2150534
1890915
1696663
2114595
1302862
870170
1139111
1564115
1650838
859446
725492
522834
152082
1488980
2481417
2566684
456698
1626367
2101827
1026855
1167607
1738447
2336203
610101
506650
2240589
1061927
797775
2300288
812666
1476243
1981665
2437255
42176
