13814:
1493679
926374
2282264
323682
1792476
874452
1512905
1724847
531781
2461374
333379
1639488
1962526
1802778
156331
2303027
1902573
1533843
1406449
76565
2063575
2102405
778116
1609527
1233335
443256
1332965
1971360
2403270
961311
320916
46612
786404
1279496
1988166
2430871
542598
1676853
1452105
1812584
1444493
2586859
1072829
13815:
2273966
1903491
74230
1511156
1770705
525887
518137
1556216
2405791
13821:
1098091
380408
13822:
2079376
2456463
395709
2449529
13823:
1664859
188106
13824:
1035565
13825:
1341137
847553
1173009
425995
1711551
2495584
2384985
608443
970300
1243410
71039
2341139
2262015
1841197
137234
1912840
1043804
862243
1696463
123852
806870
8754
1464066
515643
898642
2478760
1017865
1815724
1623225
2559073
215554
2555897
611770
1657627
73740
1100934
2637587
13826:
2630241
1750296
551643
692692
2027309
973691
2593617
1588718
396052
2397237
2059051
1839692
1020494
274257
2547874
2220245
1091890
1993445
1228787
112076
1085925
2057089
2035835
2476598
2102064
158748
557449
2010907
1531190
1590162
196239
553632
13827:
1156495
577797
1690285
1796914
231724
2354353
2290238
1258803
844754
2610536
2574204
300603
1404160
2588888
430227
2079539
965222
1087918
1392819
1743430
1664557
776018
670645
624045
1143391
1182655
1906563
2053392
43641
258884
2607137
69898
493009
2558477
1996714
2021298
2178747
470439
28172
2381953
1370879
1627084
1119568
121699
544889
586448
429896
2599163
1962892
784765
1105463
161964
1425719
981869
858154
1679797
2252878
2384127
2132489
1705618
2201611
1325787
2201065
1369242
2361378
1534945
495244
1797090
505088
2440315
2160004
1305753
1667848
228791
1135473
408628
2219907
1819881
1018434
2204654
736845
1622113
2000413
2152050
1130106
551448
784876
311838
2117415
2348329
2245294
247655
853662
2137451
597648
2520447
24058
73306
1848770
2012279
1054535
147404
1693134
730375
933266
466005
2397284
433492
1713422
2492129
581024
1211811
215340
1269246
1051754
1965849
353528
1766182
13828:
573364
2213414
13829:
2386479
2058184
296246
198196
2170784
1201310
1458841
1124272
378988
2091963
647688
1235813
1760873
2401053
1115403
813746
1490741
2224662
1034326
1443301
524707
521153
568281
2162131
1674971
2320454
169221
454808
2164739
1982849
750314
124863
2025153
1799244
1256457
299274
2005820
1087053
282627
1087333
1184624
2430483
1533677
184385
2462398
2626527
187373
1362317
1811566
196791
322080
651133
127419
1672196
2197904
2203225
1376857
766958
1506987
677778
2371667
94080
1464155
1047202
130099
2603520
268064
522447
2568821
460679
2610040
2393261
1285360
1406473
840623
1821217
2242532
2175634
206335
84248
1251432
2330225
1620258
1651408
958067
288949
2127361
543049
1861500
664050
425375
851520
1304543
990948
2625707
2481386
1121354
131587
939625
1615225
927221
565504
2192873
232716
1237753
2188270
88883
2164563
1874991
629794
250921
1387987
4700
1702575
1803790
440858
868879
1536576
198946
1683284
829925
2318306
13830:
2481642
1450090
1477838
13831:
1109700
1048939
2141661
1848195
175826
85124
205438
233024
953126
2472461
133263
13832:
1160189
1871967
561843
649788
1093608
247999
1834678
645800
1082097
935196
1512798
2353520
2418302
903438
1210713
2578249
2578425
1308512
362289
1014805
757420
285820
1232529
1398354
469968
649804
1439018
531277
1974827
2304090
572067
743473
2207042
543411
1510166
405372
1444275
1386350
135736
272641
1908977
622453
770965
1088751
658352
563393
144574
438978
2121398
1655776
216607
1842131
13833:
561733
446800
13834:
1217422
450665
1815201
2420317
13835:
2103237
1983226
994466
1304651
112189
1437631
2231408
511766
672566
581318
1033446
555561
229472
1082403
2598320
1956947
13836:
1373164
1042095
1000457
2311743
1487697
460536
750379
1451623
1524379
1002587
2590175
1274561
2122738
2033308
2450559
2587922
2007579
933248
2135192
515421
796665
62754
833608
190479
833797
223534
219843
1696933
822599
1954358
409948
1842129
1958619
1516883
2109792
2089719
1069962
1921235
603876
80298
1116571
2371930
1423321
1208223
918238
368995
446196
2449866
1030451
1212343
484277
2594995
2630767
1543312
118324
860821
487631
1723227
1271
2404
191818
2278527
168109
1195278
2648610
41774
1947591
1968581
2028282
1594688
529251
2281678
2387125
1320754
909302
490222
1176037
1236197
338430
835719
1932189
532208
1964326
2299932
1926491
994581
892498
2396805
1078521
729326
2172903
1014762
2251958
2040825
1773234
2383594
1503759
2614340
657039
1521183
1294476
152605
1125260
151834
126749
1722093
997760
996575
805950
1489574
291447
2216295
549835
1138509
1320352
1155148
457125
1947956
585339
486582
1714506
8205
305938
1465436
1320227
991103
2516525
254228
1514596
1353812
1434734
1741221
1526197
1256042
765094
632017
1473742
1711194
1779310
1169309
1283365
424828
2535575
2483981
1848429
2632207
901024
89613
2389077
2487614
2588416
2167993
2346146
2329863
700998
1167169
337252
773018
521160
2173740
1617017
1037790
1762421
320550
2559677
1985941
927015
2132202
1637628
1677939
1685286
692504
2588844
350444
1289891
1468415
50339
1912354
585883
2476133
698469
15737
13837:
2084593
2040351
823596
2373292
1521720
1519940
13838:
152583
1677871
896633
758805
1943395
1503053
158586
2106205
1672014
13839:
2464892
2067268
2577513
1790280
315270
1839748
1736939
2390451
2031198
581649
1043599
2641580
886905
1567995
1074644
1778742
1861689
1917538
937446
2228277
2326980
195782
1384:
96882
1893587
1516234
1679206
2538479
360841
1200928
2484944
2595294
614649
819855
46283
1807039
854356
170378
619718
1234048
837128
1035205
1734483
1453711
1618828
2503473
612420
2373473
5987
1053077
211022
879912
1307848
705695
965262
321868
470187
1450765
2568818
114893
1256283
648426
2557624
1026814
355311
159603
173462
2443670
2289469
367235
2096394
1015301
927551
1252311
857633
2492458
1398122
756789
2252360
1670275
2256160
1328999
2335307
1445551
909891
1325516
13840:
229220
1563918
2500187
1156495
1582456
794607
1237199
848439
793754
2036539
2186656
2646060
1780887
513773
349831
1478286
980569
1097324
1405978
292911
342659
363833
2441444
861239
1934195
1453814
164210
2390783
364184
1915220
2104945
1812647
1919574
542764
1431167
702065
2513780
1137978
1466349
335966
2232927
674529
1261835
316894
2275331
591696
1039336
2252207
600529
886213
689862
901830
416694
144134
2492526
2629032
755015
1507590
685023
51455
628364
2086566
972192
310270
1557000
2059620
1814104
102100
887825
2539190
2016776
903549
1723551
2194924
227160
2235844
1647702
2499082
951479
1701418
2316937
783994
43044
2579306
151895
1936338
729934
1147039
500932
856697
994389
1689782
1770812
1486544
1935804
1309495
462274
2267437
2571388
1332800
457748
1932466
1708036
1997340
369542
2562359
55637
1424440
25243
409756
1041765
2464514
1077238
1414559
2115302
1528002
2405780
537898
2083076
107183
1586088
381650
362980
882286
334781
996318
1374834
352863
1764799
602270
2592077
2377135
364244
2438371
1704618
541497
2529424
1844486
2063640
1329862
2035139
2339234
2306301
1599986
2376407
83227
1406061
1756262
1032853
1727787
1704132
2161965
792606
2607253
145271
224197
1198815
793578
169954
2289514
1502202
2407866
1681492
1318636
11831
2482419
1738297
2276837
130185
1950822
1643921
2478825
158257
1523192
1289963
1078218
601952
2326007
227517
730981
523668
1856532
810401
399862
1976969
640631
1175905
786334
1158020
1413875
989502
975152
2053615
1320316
2399939
976513
1582465
943166
1055669
1184029
2069325
1448334
126
2032756
2527862
465532
981133
2074505
176327
180561
2305583
60448
2165958
1145485
1486697
1821132
1197818
1746782
482025
26266
1733080
2165084
2015425
1634320
2342751
1167370
603350
2034355
1473940
185646
1920951
36730
1106317
220933
1372434
34402
1540438
649132
2417041
550612
2590128
1566282
101282
1821519
1607317
2567502
1587925
495268
2569954
649701
1866859
2129390
1396900
978707
128783
1269943
1206791
346349
2645315
2296867
1422794
1734579
1436549
2220120
1509087
718309
145019
1891127
2186312
2121232
1877532
1048439
1957875
699537
1448695
247660
2237756
2364836
930179
211375
1160687
1279993
586301
2353643
1907013
1418989
1739765
2130473
845414
1508391
2317369
1953553
1248050
1813010
2557166
1974114
2245767
1808906
2067082
891743
327297
160550
2597088
1159264
689119
1102596
223305
2460308
2093894
934472
282154
227512
641598
1641464
418832
1108379
2567699
1338345
989019
2386766
1797948
1619
1163598
2423876
331430
1092195
1034071
1944906
1159649
1368169
1392111
2646219
1132087
115811
1976542
6915
903673
1498682
2449325
2185715
1727050
616188
2605240
1490173
1275753
860428
1455977
2265627
2168661
2122440
228703
2432578
810829
124320
2045628
959590
1372962
1936495
2525065
1651660
2481781
1653052
767979
1567959
2065071
1918039
1688866
2331409
1154872
706274
1122306
1468597
1118096
1752442
2442104
862746
1780414
640342
2647738
419155
1373897
508411
262134
1915716
1654359
43164
1470140
1169301
1570670
13841:
2363425
89177
834424
1417821
664809
2323778
2319756
1148433
2432172
1867320
2473418
1904434
416271
1737097
824860
2482774
2466668
1315543
1724632
1911331
663940
13842:
313881
7797
543637
108442
81907
2065009
2392766
1583337
1708500
416407
1376266
881671
2162239
992421
339390
2171934
698457
799274
334578
2201816
484929
1007905
2476431
1618112
1649929
2627567
1675824
783616
2216832
310224
2474306
2213116
1074402
2048052
1881705
436063
29827
599707
13843:
2506780
897024
1756632
2343474
1956308
386495
2139940
141093
1904323
13845:
111319
2231293
2548462
2502224
760189
1194815
114194
19077
965620
422262
538610
1005202
2392104
850652
2222866
806405
2436359
1193844
1228594
591073
247842
2363782
838615
665930
441034
1867699
2175752
145592
1606499
2509707
786409
2304851
225482
1213541
2420833
2450203
2534070
1683838
1963420
2537717
991168
2075650
1600111
1730369
2490731
1627632
2258041
13846:
544684
231744
154356
13913:
245942
13951:
283814
791087
511277
1703814
358994
2019087
1783211
1468324
1060057
1617897
2026884
1687103
1978036
2328316
2153222
2259696
1627242
959331
2323849
2086313
2078191
2219526
1465088
123627
2135978
1458247
31790
310224
1774146
2443648
890183
13952:
1234055
1185379
339482
13953:
1957622
1606897
1816599
999327
1001856
2242238
1494255
112227
17225:
1090855
52076
1376019
1814962
1134724
1533617
170638
651434
2109600
836557
2146200
2281198
1452120
2480001
1412553
271041
561366
2188494
17226:
954410
955320
17227:
1796656
449153
667053
17228:
701612
421961
1569238
17229:
631886
96930
1455051
497762
463861
1608294
1464933
1965349
2557218
477122
1775602
2142281
2085853
429830
1427482
1042540
1892149
1772110
1019960
2514566
1089962
1729018
1568267
480923
1340281
1769639
799123
1025408
938975
872147
560155
1464501
1175440
821722
226090
2285970
679568
774395
2093554
1971483
2527951
146960
1642078
2147068
755549
1723:
896927
2268851
1559312
1865216
558252
17230:
1305162
636812
2426152
147653
1959807
2379324
992095
2018156
314635
1233169
895005
953149
2467393
736342
605121
1289436
1625634
1530695
591238
531812
2471756
1230638
2466017
1600873
1519532
1781734
2402157
1866872
2643180
589097
1153136
1374309
361553
639436
17231:
2634472
2347777
17232:
1846312
17233:
1787989
1533682
1577875
770344
2150172
1640277
2257296
1653016
324391
767818
571670
30926
200321
1349922
2547112
517335
684648
1724:
83373
767911
1627458
17240:
1818787
357665
17241:
300511
298674
849949
1466818
2204991
1037139
738841
277226
2258001
891731
1724806
2277023
1532635
17242:
2555
1274557
1146254
648673
2470396
1758683
17243:
1645914
1227603
1675119
290737
1003689
382889
17244:
1269977
879185
1370242
54713
721473
41924
1178338
89751
1710713
659540
1296998
662218
502342
2022807
1892650
550558
660672
1948706
17245:
961779
401525
836349
398977
2389578
1914537
303556
1449831
684497
652143
2157706
1577091
1793195
1331666
1822359
1681922
2414662
1854329
316255
2117607
1721761
914254
2415952
1349539
1686637
357901
519846
1774519
109692
2140269
1640140
1018129
181497
732448
1726765
2427568
1958139
1024639
1732034
1796842
777400
270920
2379662
2085486
2060286
861129
648081
387885
2484974
292417
1499237
1340838
2563768
1944986
2020027
1240892
1205616
1626503
621729
662913
1174733
2130217
878348
1570231
2320240
2111779
1172995
616166
1335241
1482524
1065497
538735
1267897
1875124
564038
1832308
782071
859363
2218448
255467
1789245
1747652
1520522
850135
1641366
1591146
1241530
2433327
131247
1152455
1965470
2505632
1169516
774730
2493172
2420582
390795
686150
2082212
2458037
423263
2086749
454905
2351883
2319515
1389415
2526414
2178777
1482718
436449
313623
1839965
2331801
710598
1073737
17246:
2326318
1818359
809759
1810422
1530074
2423858
17247:
304116
602579
1207400
867649
375987
1166446
2310829
1667016
634816
1514971
925307
2189068
1732558
321829
1677708
491113
2315490
1531593
1733625
1142611
174899
82591
17248:
2023518
594815
1711933
1230390
1165572
1509450
1627828
919509
17249:
571702
555311
2114529
907985
1101632
1612264
501689
69914
605821
1949012
1744995
1836271
1167438
1088600
1732558
1028982
1009667
2277686
902980
239726
473913
1281037
2638010
2241250
2487127
855398
2025379
486048
206906
168178
1725:
1569106
1630481
849511
324587
795341
2475544
1045011
1110159
707445
1631168
327731
1212909
925125
1965530
1992319
135067
23567
2025010
1248170
1810163
1100359
588044
17250:
644003
1343375
293889
2071798
616030
131504
1794461
902007
1373898
1242263
1624432
2211013
1709750
1134042
697701
1033220
2502424
268174
1977018
856019
137951
529544
126100
1035658
770035
1099322
329302
142960
2301929
2080268
334247
2364155
626077
1113631
408706
951003
2050707
476496
323510
1791351
191801
534793
1710338
1421209
1439328
2218916
764910
1131615
1142589
538010
922961
584861
626802
989391
683787
1462172
1241350
1193964
1151441
249291
106568
940163
1754654
461287
244718
1763740
2414819
278006
1096353
817094
294270
168947
1499066
283734
2421546
2491121
1057996
1025421
60658
1935072
2574566
2089137
976345
272466
1691148
2398366
1431394
281734
978407
2420262
360546
1087279
17251:
871289
1557128
467816
1140048
1705825
2477070
599100
600104
2225037
916437
1317058
2326812
1011320
2486476
1034529
662167
1615637
628171
746913
326729
2289938
2608805
1702689
1871482
1175525
827373
1057553
716622
86245
1474626
2064002
1150394
1863329
870365
1290796
2400584
364863
2143797
1620552
1719372
1557265
2208519
1647647
2002637
1950083
17919
1447699
921255
1465181
1382113
572635
14647
768714
2153375
1646410
2022988
1276647
1800211
865076
309258
2540559
1295898
1710243
1311438
2385846
51408
693586
361215
1927102
211624
367049
1138491
1534945
2181507
2027459
1169978
1337654
2529495
1167439
1803828
330032
391711
1958372
699550
799888
1190068
356618
1296840
459103
1299989
901288
888487
210253
1440222
189108
2234417
2029201
659290
2582645
2361764
1542741
449785
1515512
1415001
1943329
977587
111201
866549
1129076
2613749
2191228
949219
1682349
1590233
493016
2250546
682856
221992
2132252
1768369
961940
1355667
504935
1044551
1578952
2239014
145278
16709
516110