10204:
1576064
2626755
803424
54328
637380
501719
1947526
2496715
398616
1835453
1279821
209435
499312
1446813
10205:
1331266
2479597
910803
2298182
10206:
2067044
1505300
775395
551772
1935415
1974478
1241319
437509
1581960
1470872
10207:
2418704
988006
191312
1413799
2640087
1000959
10208:
1724713
2125870
10209:
926350
2614245
118362
2140559
2224258
1482277
899290
925688
126126
2463861
1647758
1021:
1157667
2618351
1435902
1331
1780588
964825
620832
1645064
894553
1676997
1632247
868733
1429332
754567
2303740
302344
1108131
2131301
510712
2289237
990036
2633644
2543516
379005
2170900
1587712
481433
2632868
1305371
1343436
2447225
353669
1183731
366775
2427961
229634
1694254
474566
2528435
972040
1688898
1082864
2278872
571455
581616
607220
2442028
1174108
1610929
927271
509331
373838
1151836
1019775
697818
2487578
148404
1838848
1122480
2031549
1677426
1437925
1184761
920617
1463238
188630
1482840
1909324
309719
10210:
2282309
114388
10211:
147436
1389212
1848157
1319657
2183989
1840156
107761
1741154
2205902
2411529
1247457
1983060
871082
1996599
1479082
558234
1320038
1880198
1074878
1598749
801242
10212:
100033
713385
1591369
1298900
1530687
133692
2455592
617496
2590657
1269956
1311866
445728
2600372
1351285
1110608
1480401
900261
1381341
929666
2414026
1606417
137163
1155629
1993340
123919
1583448
2635851
633471
2180927
548756
2294658
2140597
1984162
1272928
973138
1170130
592894
2153970
2636504
189454
2260480
206808
52032
2030696
1970924
2378149
2046020
792270
2381019
2585173
2173328
2134395
1847747
2057628
1177576
362299
1051569
2460687
1516151
2194166
1788239
1457183
2322307
846349
1409658
678219
1279198
2600394
1799571
1095142
142827
1693021
2076589
736132
1447844
2143685
2080938
1413189
1404704
1410426
88345
1212122
225710
1001844
801933
1415024
569987
1438796
765869
2290591
2072498
1038183
1294109
57086
884433
198837
2278868
441361
499010
1308802
1768579
1418521
153603
2239546
2478921
679834
1461193
626437
1491662
2376106
1174046
1865632
2293348
2078727
2502086
498034
1665795
2241129
2045295
997907
2030409
1632412
346968
10213:
2217289
1967749
1457974
153311
948859
2039928
1034464
715066
77416
2186090
280654
1626864
2409367
2194621
1903434
198476
2452390
624917
847974
499746
381704
1505760
583835
2240167
1234996
11988
1841899
915473
2149536
1086544
2093143
953718
2280310
1097708
1687114
10214:
2370466
512348
121143
1313694
122985
1677012
283963
1294917
2207287
1190317
1315833
621050
2512642
1691088
136419
601683
1773304
314294
1258876
943430
766715
2227944
1592928
694230
10215:
1728673
1252628
10216:
2530995
2200170
1015570
7154
10217:
2222337
195794
366723
709314
883084
519944
19144
2007583
1010955
10218:
410537
406221
357481
1059216
934684
1404837
1569629
1726547
703585
1777165
2012149
10219:
2637836
6835
908644
2648204
1563737
2346811
424590
691762
677042
2470099
2186995
1488942
2599813
1840223
2389854
2415199
2114332
647235
92483
2050772
20472
108834
1960927
1022:
2576354
442572
1278950
2299462
10972
1613882
339362
1601449
2367673
1310195
2219541
7521
98724
581109
201486
873342
2234063
438870
608987
2032593
1116605
577299
1791068
418687
1922721
1507143
2324341
269305
1479082
1842676
100400
593796
2581844
147822
1813765
1390441
1592250
227785
1340805
10220:
567282
1598214
1283763
10221:
2237586
1387470
1154813
1652439
1365516
527428
2567137
196835
2606774
15471
2275038
2422225
758511
155337
501380
1021385
246082
10222:
2253929
1678060
1481710
1931535
255344
1805240
48580
1195461
516648
798047
976856
643172
693808
88073
1574252
2061934
4016
2577514
2596185
1115274
1749746
197562
1559166
366302
1919714
2502616
1279632
402535
2333356
1513559
2604023
372037
1070947
1525049
1984859
2573593
2315894
1233497
1079956
468509
1205848
1975904
456220
1574503
453336
2581032
1924109
589453
1395546
345660
509701
2633813
2377896
39242
1273985
2180528
1142149
2449644
755557
782957
2434016
866350
581307
1582415
55679
589274
1104931
1680845
12488
359319
1242364
1799372
1797678
759149
303095
1487204
129344
1336141
132333
992854
1218250
1832272
2160292
977712
1363196
278905
1618536
1426120
814979
1275735
263022
843085
2414063
2337411
1030299
1504833
2545306
2085415
352532
898576
2534009
2350329
1011106
715950
2052838
2641223
734925
687077
2474804
1518875
2242228
1518492
738008
2632888
2338718
950478
407675
722623
1004537
2572814
1753194
273541
271978
1978809
1896062
1729739
459343
2457015
779139
1465673
458177
1961680
1288346
1045956
825831
1379335
2113888
2446249
579852
2083361
1400325
2115689
1825531
532197
1860298
222179
55143
1097000
1960059
261431
876477
2359002
695359
125687
333406
2617251
8209
1023399
779091
2308913
2266677
755637
1860769
772798
593513
1651396
1799298
1662380
341330
2074865
1444749
373297
2460661
1856407
1196655
466309
796752
67594
898123
786881
1604525
374314
472585
656999
1585760
978407
1117799
73608
57193
589636
428657
1687667
840878
1608941
1910134
2507769
1409998
1269205
1975706
593736
143776
2596078
1454123
54348
50490
2457220
1270358
10223:
2452352
2095697
944051
1681338
1144671
2428576
2279713
402389
1921298
128293
1117357
10224:
1712844
10225:
314837
2335648
1788744
121839
1371630
2004525
1033209
2132276
181618
2518403
927557
339965
1207400
532236
1122351
1334390
1776032
1778344
2002354
293848
1394943
870979
1767133
662412
1787976
197426
2183274
1846627
1549588
2490349
1546099
844644
434303
881698
1954275
2443823
2240183
1591332
476390
2148888
499970
858363
2194494
1297003
24855
1905798
1938903
2244717
1055303
1805636
683625
129455
1090765
1979262
2040383
1446752
2490499
1768375
994569
1330636
1076044
224068
1456635
566850
1982847
1879848
2406474
448024
515463
456484
2228961
79591
2033388
1883897
1156589
1687132
1107282
150953
2600550
3695
383574
890279
2129794
539197
1355374
650883
334862
355529
902442
52912
202503
932232
573434
580815
885439
1221559
1278887
2458227
20607
885631
11007
711182
21900
608829
1833697
1336421
2590373
704591
1434407
1976560
255160
1617240
190251
777301
1041852
501105
2551127
533295
1077530
997673
1516911
948398
1326124
1199432
1870679
368020
756649
1638480
2014414
1780583
2620700
2421694
313934
1435239
2290963
2025236
2179348
2349577
415150
226632
1044922
603354
1392104
2195683
564377
1461892
860079
259769
2540496
338427
1413664
796705
263256
1109235
2163229
352067
2420904
1479125
1655992
370433
978889
720184
436305
341875
74469
162962
2088327
2441871
714884
496408
1918360
2025963
1086350
2442241
1777163
1308416
2147929
1784106
1439031
2068680
2449108
1045596
471801
1679674
306624
2488750
1092753
969202
2364401
1966772
183629
1585347
388847
2026513
583356
1410820
868753
1947229
1851063
901294
601860
2414655
2514552
1180497
2582717
142160
321975
2052052
519460
2300514
1308228
1921964
1905765
1748432
279998
822463
2383679
2395060
190850
87775
238202
2391383
972381
1616345
2080884
2082057
815200
1949868
18708
1955184
2204496
1233946
1485903
500770
2231937
469621
1093753
712238
1769465
2295554
1958794
231841
2070039
623377
2069436
1553406
1193601
2456295
2487758
2368994
1187986
1613207
726937
1602729
1320363
616868
2106658
158963
1409931
1637169
1102155
1285853
522247
1766421
633090
351605
2089141
2018792
91253
696973
302422
1024585
859879
2155580
1158646
10226:
1490641
1468815
1119102
1502634
1149274
1944182
463924
2509762
302275
404901
1738910
186137
2181842
2419866
2076207
2295450
1417935
2638110
2094679
213866
1540031
1438558
941185
1223767
2122
131405
1187672
2247122
413197
517885
1139425
219583
2585674
2055252
304090
2370765
688751
957331
2576044
399133
1123138
1848973
2028996
1238597
2135164
867212
2488901
1688100
935076
2055350
278092
1582492
1329256
2470555
671620
1794176
1246000
1685180
237016
2484144
369135
152888
1472911
1538560
1104391
1765813
2275926
1452173
2190892
2054177
1413852
2517498
2113756
474646
1273064
2432494
2179917
124961
1204084
231232
2571060
572568
1100241
2522937
469791
2056680
2025912
1047341
2098637
551362
612614
684
395096
1099412
2541142
1831802
1051931
1043937
2427285
1566176
1364834
1927232
1380004
1748505
1711885
2540261
1478491
2511304
307800
990659
51696
771032
2133574
2381042
1312674
127079
1945922
2527694
2043204
1232385
911921
1228100
1059372
832256
607194
1131687
680155
1453174
1619946
893536
2225381
1863423
32266
753479
1665816
1073564
1063713
923656
620974
2206948
1768181
570738
112589
1278826
2438156
678349
16768
2213842
102802
2300819
1200298
2463138
2339037
2436284
432915
1184111
225485
1571999
557449
61911
2586056
2505332
1424750
2436238
1897315
242009
1348274
966509
1052669
470656
1860661
79564
631208
1221548
1682161
1649605
2439512
327893
1470172
2006469
1968035
1261970
429447
1250869
1106240
1556027
963252
361957
2028159
97237
808489
1159208
2006775
2647898
1882093
428376
156344
2571692
1883249
2305109
10227:
2412767
1525696
2225477
1052986
1494603
835741
723620
10228:
2096960
10229:
1135868
1778432
288140
926358
487169
1001683
1540303
2197373
753248
2579663
2463629
1805240
1474109
1232416
386705
327600
2125770
2003316
1243155
1654944
1470317
2311109
2350975
2483367
56449
1927350
625940
108739
110384
511008
2549566
814641
2310974
2171991
584024
1452846
412565
1408836
2290918
1348641
2572569
534562
477426
887636
824828
963186
1116562
710744
1072909
1589677
636419
655528
377731
935620
313454
733829
1239661
2001180
1582498
2127306
1144659
1765842
931131
403569
1807324
234175
1458841
1510129
497867
1634994
725297
519258
109691
283864
596258
178819
1134035
1972777
1564837
574196
522697
2282466
1640008
98367
1695485
1852439
1760372
1818615
2408309
1024863
1039158
271204
2543695
369915
1667665
793268
1987007
2405956
1918672
1585794
1296918
175123
2355924
1638164
225112
346961
1050731
825161
170233
230019
2597385
918421
174408
2298286
2030764
2469672
1141548
1158363
759599
922107
553853
2483420
1812793
1347584
53848
1132269
2534943
2369051
606524
1396489
1917946
1697937
39507
670635
561007
848120
1533293
157940
19877
1202589
2084210
1125596
1404334
272602
1889508
1125979
397741
1018180
101340
1123200
1895778
659764
874256
191823
2501489
2553900
1320381
1791081
526369
1063756
684332
2123255
2539952
1657886
2601560
1332768
1380478
916659
81793
1757379
1159216
884245
292892
1322233
1956429
982452
386328
409230
286846
107053
2324925
259665
2153390
409642
1680375
1096932
2533765
1865823
2423752
1419199
1114349
875898
706299
342145
56769
1073032
997109
304693
398100
2142125
1436364
2219148
129575
2155600
491728
1643318
2590515
1734545
374882
792389
2272808
1941073
2319026
948308
585442
1571537
1991652
1074215
1410016
938223
587055
591924
2153107
413285
1570262
1292794
1378330
2247865
1512398
1675624
810348
244864
1402625
2418577
544115
2101606
945370
2572036
1651984
2322938
2118571
530691
1073761
807839
1615478
254991
383829
285200
1447779
2384144
473772
2364568
841681
2572150
2537095
1394304
2590802
439428
916342
2550344
2427212
1926993
1093565
2452865
1933638
2058941
1269887
1637770
1836580
2093847
1734171
2078745
217894
1708262
384332
2541141
591240
670597
1865887
2295723
2132058
1039368
1230974
971806
1585909
256268
1162520
604403
302172
559532
528831
2319970
384809
2275778
1019656
1570543
118224
257601
1797836
1401362
1554530
273226
1982832
1374047
1214077
2184137
1147246
1539263
1797090
2279369
1292635
2560841
72409
119603
1610389
567987
691616
719021
957451
2489653
1281292
2042494
2231016
1495286
2292615
1358026
1477316
1092389
2064938
2493633
583160
873149
1680742
2364713
1540791
14116
1629052
946409
450949
2017991
98178
1523225
2457319
417787
1376956
1261917
1649256
1019589
1753104
1939091
1150937
2627838
1491081
1705097
799248
171010
1272330
1653391
2471159
2378690
1755375
232828
615844
2390721
925333
176042
2604203
982681
758856
2299243
1266588
561313
727748
1373975
540649
685898
212263
1118079
883690
1379170
117949
956203
2356552
1327514
157757
2306038
2317987
290182
1673576
554676
2587715
64043
1418105
376565
1303851
1146650
1601339
2150570
2328880
690724
226715
2151301
1882182
2111271
430127
494440
1040445
2632274
190317
500608
681549
1761459
2471978
1955784
1720578
987700
1019352
365166
2291078
1393784
2438368
2311313
1779681
638203
2545618
2551422
2582878
26490
2201302
287863
1649204
683445
1179254
419693
1915162
129804
2427728
1278834
997557
151111
548084
1394605
2375655
2386039
330771
1303573
1237303
2453987
2186241
990350
2275948
612309
475215
1590409
2639638
2397948
1997496
1286074
1910620
2636735
2467633
362578
711346
1688689
2402936
571262
460047
828648
1268316
801975
2365591
808722
1819039
905046
1743367
2049659
500365
1037142
1017934
1322794
1044987
2010540
356206
1005512
2510780
311017
1395232
1462197
1555196
2292529
727827
145859
195093
2591429
1479300
1584855
1963803
2252016
1161033
899977
1919910
1139183
2083443
1557994
556085
1541693
2594232
2316103
1283614
1207855
486981
2255257
1172265
699934
1835170
1292344
2079316
909759
1779184
1909983
1515557
1264009
1868509
1573377
487883
1075425
2098453
463381
2006107
397884
311855
1760243
1600685
2505707
1431342
999028
1820179
2070036
1432627
310245
2366129
851592
423572
2520112
812966
2373107
1043183
35571
1148840
1652251
2146548
2503777
2005811
2566429
725776
328353
1611958
1112208
1916952
201957
1753284
521850
403431
2103987
2341268
1808030
2081789
464524
278378
1815798
2264252
2239360
1050953
2350144
1756204
2015834
1264314
1890044
2049634
1435109
