1:
1989766
2625019
1772839
2380848
10000:
200206
10001:
831991
2570808
264764
10002:
1450941
1213181
308502
2581993
10004:
1737087
1270334
1903515
2099522
2198877
84804
1263375
1186407
273497
2499539
129495
10006:
1093333
10008:
1813636
2048630
930946
1687570
1122917
1885441
10009:
2263612
2120902
10013:
2201453
110412
10014:
1626179
723484
10015:
1732761
467156
164480
613439
1769664
2602717
1320821
1236649
988835
1801332
2378764
10017:
1129341
1377724
10018:
2173031
676747
354053
1960248
73918
1516345
1236649
1403470
404170
801510
2126132
828150
1435115
1140656
10019:
261890
513351
306688
2093048
10020:
167248
1252652
2398282
951643
1011906
10021:
1205724
10023:
679315
2548120
10024:
311377
10027:
2354884
1609548
37748
1050405
408479
1619494
978638
2106623
916375
1591556
2389108
1422109
2308597
1973874
174668
2015359
2228062
202876
1503954
1967313
2420503
712624
347886
1229916
1155332
644233
10028:
1527666
1606775
1649392
10029:
1141552
2551226
10031:
548690
1528644
10032:
569745
640080
177766
688765
470044
1791554
1920755
2317575
2488926
1212320
996425
123345
799400
650940
1573281
1547411
2458016
1274574
1587304
677039
1903221
1879733
662218
1563172
1724551
775034
2174325
739713
61009
1819621
10033:
1227591
1335621
1001590
791223
639727
1381789
10035:
1651047
2112205
2070135
2148631
49255
2172403
1985000
1727192
10036:
2068878
1873549
2646867
1723408
1371204
2026150
1956794
1984941
2469669
387679
10037:
769764
2555464
1316833
10038:
1411630
10040:
2417853
10041:
869522
505035
786031
60322
47942
1772519
1383323
2472289
2493763
1312680
10042:
86062
826793
358207
2478232
1652074
2349053
1359901
640618
2075263
618643
1852416
2588589
1561
433300
1824896
927805
1302047
799952
1628424
42498
442949
821426
1583895
2222492
2289165
1693660
1177074
780937
18335
864349
1663166
435239
1586124
367549
1504619
1311522
1158233
1786012
1813345
1725691
235364
2011360
1304553
1081209
355734
918917
1361045
1349810
1678227
2000309
1117935
1236919
1785115
1667218
1983122
826291
277127
224519
2178014
1756743
966437
2426972
415554
1421967
1330313
1588401
1101658
559674
1303129
825911
2365447
1077278
1849693
1856770
1294368
428062
602626
7766
2427774
1605305
392602
1546331
571530
658627
1411717
2060760
997695
1285139
1124097
183462
2158577
39518
1115357
1950649
1055743
759913
2176148
1900271
1648015
2450398
135158
2602447
510657
2568440
2409399
2482520
2338393
2034961
2421856
2483895
1738659
648196
1464896
2162416
480507
1582589
2260949
126913
1462261
1501345
2531096
2162935
1249250
1165360
706887
1213808
2571652
2465115
2063559
1521559
1302357
1570293
1645365
278603
1553813
793065
52189
365149
1287583
972752
2523359
1625264
1055810
1053673
2588945
317437
1819410
1624788
780973
1823605
2522864
582720
2166670
2136527
2498038
1343496
2228961
569551
2198877
2244219
1135675
1808448
1648727
1493909
1377376
113283
350940
55480
573087
1863195
1268644
639330
2444942
1959768
402940
276644
2566670
1595082
618895
847600
2172898
2132469
1039740
2249254
1492074
1023326
2171578
1995060
578830
1082955
1097029
1543693
2623937
1116457
1838796
1661807
1519036
973661
1039680
417124
2346483
42318
1712565
1867253
1368605
1486764
2304981
2573652
2162543
429190
1818401
1507820
1384977
1882731
96722
2174770
533720
1248655
245303
2224280
2036644
1093116
348805
295633
222099
1585818
1846238
1891654
1371746
2126325
2088365
473956
2621148
118538
1756093
2090086
1538823
2639268
1683784
1381957
2176281
1442411
1926334
1298111
294682
710030
2644901
312211
2340041
2426516
2049285
786420
2354891
2391518
1842969
739018
1700387
2138553
896747
1965448
2414774
774877
256499
1322407
493407
181582
1349128
66894
10044
372787
1913378
1166011
2164887
2621082
162753
800145
1937981
1310028
745039
2378211
1443724
2519453
2266623
732802
2207228
2320873
601966
2056799
1221673
1154815
1233495
1329179
994894
1746493
2506300
2126942
427637
1531823
2609002
1941232
1693021
1227734
2583938
1593278
2198713
1665375
350839
1605801
1019149
2373735
425953
1202106
2328661
906985
83805
2073663
319250
779887
1435637
1145793
2517184
1783909
764659
177646
2109572
1460379
1126179
102451
1650395
989696
308798
874887
1057675
51049
2384176
1894354
346750
1770017
748664
2608024
2436848
792857
409621
389183
1825107
2386027
2319476
1229941
1929359
1270747
587070
886780
632633
1991078
1121007
8169
389419
2014151
1212380
1557284
537147
135015
575716
1825204
1113423
622634
1964770
2329488
1210584
2089117
1496394
2402345
896521
115631
2082102
2578535
946605
925050
868648
151106
882246
557729
2357555
2551673
365214
1182445
1276979
2013806
658685
2356480
817008
924727
8092
767017
604042
2644973
659730
1623969
1522395
2056003
2626093
2499841
767701
623868
597245
844638
1633749
2165664
452955
1452581
1247427
2004273
258266
1094319
737036
2077649
1703700
1658366
318829
585344
2138445
545822
1331750
1139081
1360249
528277
2044027
860927
117293
79447
187518
1185359
2289046
702625
541917
2029954
723613
1495389
2223771
2159398
323838
1947574
1206394
645655
1292687
670517
2547289
987437
1209681
1652220
2022482
1702328
2012677
1133449
1622444
68197
127851
2410691
622755
1243693
1575870
2407792
2395730
285713
1386369
514932
1313601
23803
2102387
2343253
1354042
838656
1944008
1083261
2430768
770598
2123985
1271387
1391737
2076144
1892620
1438395
616247
879408
524762
1660746
1749501
1748093
2202995
753618
2169244
1753788
2154522
909921
792199
2393691
622800
1749443
1063941
1055707
2433557
1012788
10043:
834820
852886
2204494
774717
1406050
2317868
1103080
2314914
969342
473246
2057736
2488192
600986
1589215
1992993
625713
799557
328303
2273335
2335827
669032
1056747
142616
10044:
414171
1777484
728029
755723
1787938
1279567
624343
10045:
2314434
10047:
711436
10048:
1590947
2350428
10051:
1992514
1044758
2528820
1834032
1296599
1595090
2146083
10052:
2597320
10053:
1424098
2346412
2245155
374663
417525
754005
474325
1518947
2181455
512984
2641058
1782074
1569985
1765813
1712565
1521838
172291
1111395
1189934
959717
2070471
2455012
2155274
2018196
700467
2058077
1897417
1988672
2593690
1615992
1180971
165745
1500196
553335
1144699
2399472
1740017
1234282
2170999
10054:
1287459
240181
1728861
10055:
404922
310249
1628517
1199142
499003
2027693
2187995
841012
116627
1189087
1842846
10060:
2487299
1224482
1539568
10061:
2603559
435536
2069538
2582764
1024554
1074848
1630054
2004259
2374914
201896
1527380
391575
957170
1028975
281344
1649714
177156
800563
1689758
1890329
457445
2105045
909041
175935
2439077
251179
2615067
2000525
599094
10062:
1084001
995737
10063:
2498639
846288
1891279
326040
2220804
1147138
10065:
2030254
848170
337701
1708462
10066:
964645
10067:
212759
1678519
2331378
1715415
10068:
1477194
1861603
10069:
2140139
10071:
653321
2469183
945346
314571
846392
1283406
2065735
10072:
1721684
747395
2639141
1563172
2215126
1084225
1695902
1322878
1656679
2424941
10073:
569739
10074:
2008983
879596
165823
1152053
2236080
1520576
210601
343906
2265491
10077:
1707924
748800
1265934
454612
57012
1334873
598940
10078:
2028757
582862
1026616
2549758
2239070
200387
831360
2637925
2522590
1423199
227703
2038186
2476368
1203316
223660
666447
2282989
1430590
1761437
213865
1980398
1855217
1378539
2057116
10079:
2154688
2222433
2050996
1631358
10080:
229220
2324522
49429
1627837
1121110
1361853
1238356
1159110
1837671
2633459
2100626
1919510
1279382
870405
426066
791621
774369
2310468
1715756
375995
1637013
2545689
1438634
1606775
438879
1129746
894354
2192915
536631
2337099
28774
164882
91871
1005654
2348911
1815080
78102
804414
795052
582582
2354900
2348796
1614968
1343081
2430758
1857316
141132
1203120
1449717
606823
943806
1207818
386625
167563
1346104
1206213
1599414
2368485
144078
1498900
448722
891575
645938
149761
2374401
1736708
1865133
1495127
514472
1736306
44140
413837
270850
1885881
22642
425395
818782
2534614
76374
88800
1801429
1262767
605177
2335220
738554
1488301
1663900
927137
251003
608039
2210870
1915141
697854
316421
1450536
2061081
431416
171329
384158
1610030
1829072
10082:
1593823
2287563
616307
606276
1037555
51142
344377
10083:
939390
1417447
464815
2218833
1256963
1886834
2527168
2499730
27675
2162572
10084:
405427
1756658
872398
166456
1415218
8336
236368
1422520
1072752
643292
1260180
136807
1407851
752731
345191
745565
2152889
1755011
897881
1764459
227494
1575511
1245452
884500
1140367
299926
434339
720958
2614696
180222
1121775
396526
2251346
1447720
101:
330551
10086:
959126
2219036
10087:
1049398
2508097
10088:
527634
2325139
788441
10089:
1205751
10090:
546726
2606628
668240
360295
1253426
10091:
1662187
10092:
2170522
10094:
1924005
2325074
340784
10095:
2195610
833293
2190231
10096:
565596
844899
244360
1060246
354964
1148888
1903035
1227148
2554937
459404
758500
25233
10097:
103889
462292
10099:
2519214
2635437
2337346
2335075
1962908
437074
10100:
2360507
794874
10101:
74841
395826
2255687
2388691
671801
468193
10102:
2051508
845683
94134
10103:
1590111
2412881
395246
10105:
1062102
324168
503333
2058799
876427
583134
696860
1844761
1353854
119361
857668
2238510
2603928
1918682
883247
2624437
142543
2334295
1065885
1843728
438763
10106:
1351959
212759
10109:
2535874
1817187
10110:
2053339
10111:
273280
1784953
36760
111054
2358701
382631
10112:
473137
1433767
2372566
2202570
2094813
10113:
2054733
10114:
1155513
579153
1788058
2087336
501521
1073464
822444
1104391
1838993
2469606
1570773
2211795
2595955
2247148
344480
1217381
254008
1346254
794305
1359153
340181
2144458
2431628
1055050
1234795
257193
751550
1939409
10115:
918233
10117:
454849
1204904
776260
776536
1070528
239662
1017525
1462096
573068
93850
759273
2400246
382742
2309573
1591072
416932
594505
651877
2162066
1556419
419527
1344701
416892
2097043
1622108
1178139
1772801
1738969
10119:
609690
311271
1959320
1210574
623294
55038
1690287
2581233
1625022
1130862
1685673
746594
544298
334798
552758
720643
1014716
740223
2474198
242001
2598508
1510439
2418288
2186817
2023207
2122647
1586088
776126
2029453
157799
1252684
1752332
306765
2640902
2581823
1548360
722685
317301
1462064
636065
2217934
1424091
1852987
1847537
777121
2264454
2558226
2585735
2536540
891975
2223396
1468286
700018
627820
2617933
1433800
1756303
1768382
812666
1050953
272712
2042275
735562
1162923
692637
780711
1032032
10120:
276210
1545957
2357046
211108
10121:
2584094
2056844
2590532
1794755
10122:
749532
10123:
1437364
361552
2155724
1725730
581769
1961423
1899452
2393473
2431906
680005
803226
1586856
97084
231991
2374847
1793729
1231634
876383
779816
65812
2397586
277678
501741
1627296
965526
2068507
448355
2067905
1006160
2179400
113159
10125:
1234558
1720671
1168739
939310
2056429
971420
2007959
624191
10126:
1330229
2584549
1620211
530942
622641
1386800
2189800
818886
1652091
1399918
399593
2525492
1554328
2356878
1071464
2094313
1807834
2057758
497327
1157374
459477
10127:
131871
10128:
2626714
1639418
625802
1553896
10130:
1750296
1691233
279632
1562262
1360504
2226416
2518796
10131:
529624
177642
819546
10133:
681703
1013970
2108085
952423
657997
2046538
1298051
10135:
1455355
1996872
485259
10137:
987706
1994279
1489003
2158095
60194
1351590
697857
1689421
218486
870930
1274659
1636752
2296258
2471304
801851
1854652
1311006
368765
1718691
1036146
801405
227097
10140:
356893
1225818
1421606
2109739
1636967
473772
2290272
885507
490872
1648588
2629877
708303
2038807
1028148
323568
1063952
10141:
616280
1779352
2166060
1583497
2254982
1531608
2062253
2360425
2045952
930019
1864423
2482710
856824
2380830
1392517
2570299
1021090
197795
10142:
1443077
1680622
1379773
185762
319398
205005
2019879
1460768
1922861
2235523
812008
296454
684725
10143:
2174260
652869
1293661
1410931
766766
2647856
2065639
314526
124638
374663
2109300
2502889
1433987
1355058
2322950
1038251
1599636
872052
398107
2273731
404115
1696942
415075
2411735
2260286
479424
986066
1906628
75230
1905375
465993
2582526
120372
2246808
113215
230014
1459292
1833615
2253668
271211
816232
618390
2456712
2592660
912234
1305507
177636
2201660
1740017
1169307
1888043
852961
591830
1328303
10144:
960028
1109059
2056874
1254764
2446051
1798194
1558253
2494249
10145:
757549
10146:
2119034
1486442
10147:
194825
132881
237688
2530472
2559707
704710
1262327
1082798
1734147
2185254
85281
2450058
1842361
302686
2161891
2289012
886247
1567382
1875510
21896
2462192
2629961
228978
137594
2306927
10148:
2179203
10150:
1680283
10151:
1115434
125102
1524684
1739634
10152:
1696734
1427500
2165042
2235206
2425364
38399
187512
2049613
584967
1603965
1876563
96449
1682831
2120373
509180
2152290
411556
1097621
1279905
2628374
781582
1040739
1662131
2089988
2576063
1171321
840853
10153:
1508831
780777
10155:
1798798
894009
1812529
2520359
2349519
598848
10157:
1579347
704147
2351042
2630768
1651030
2569890
2370736
10158:
205756
1306271
717564
570435
1150465
900416
256059
290462
13085
1893816
127949
2547002
1580816
368438
164061
1596806
870072
924091
717881
1499302
1381621
151969
2628609
522428
1790611
777825
1798481
1446168
221233
2076380
151035
262279
751226
1036831
109440
1593822
10159:
652964
1021517
442322
374742
1271757
1465806
434210
532406
270212
578055
435549
633283
1779620
2336734
210386
462634
116058
2057272
1812311
1780916
1036280
1931293
713470
1663781
10160:
1495561
10162:
1530644
2064763
476120
1943512
897496
830189
1457870
232719
2374613
1688477
2572236
1561999
1062707
1981223
1796246
1532475
207150
2013204
1259115
2060176
2492282
2366939
1995006
1470036
1918304
914078
344174
1748546
57913
877605
739744
812757
86145
373595
2469059
321093
1146664
1797921
2148414
2157145
774302
2102198
1628219
1203360
627879
859095
324550
422459
734090
983944
2089263
742696
2275906
1537967
2457110
1211638
972715
2366010
1929568
1256697
1967396
1397673
939516
2277646
2175815
2325595
145020
2028539
384013
1286746
650481
287306
150245
1853711
31823
845528
2557454
2293344
1837378
591471
1400220
10164:
453081
1676504
701116
2265816
1567384
1246714
2094447
2364532
10166:
808219
10167:
2270625
10168:
928743
1942849
2122231
1642481
315176
1673323
179922
1002645
980324
1565136
1823475
630993
1795343
233793
1248747
692988
1909566
2413996
1000:
1010534
1861759
1960212
1001:
400819
224172
1956315
2423679
1363889
1274754
1433190
1381762
1589154
1002:
2035568
1384253
1004:
1000266
1006:
1513947
1211238
2558726
2385508
1679271
1007:
95090
84508
1008:
32950
1619646
1791274
2397671
1014716
489973
1691141
2020320
1087747
1011:
1314997
1005940
2599883
19508
1163892
2190059
1911308
73677
205987
542320
2306170
2340852
2530843
1282292
1947280
300296
523793
2534614
2144810
2226361
2163863
123092
65094
120943
807878
1012:
1614555
2583831
701770
1380686
125559
689700
808135
1261010
1406669
2036746
2617555
832147
1136754
801651
1516404
1394920
755098
2254096
2012745
1393380
1259960
1729350
2647328
2270260
1946037
2529439
649243
1763923
1026711
2020414
2234000
129418
798875
1084888
746296
1161373
1244116
2571299
806734
1285563
1244564
2319554
33553
1518868
2495933
323410
2346008
1458110
1870259
435108
244418
2355949
1029352
1337046
2339507
2510628
1102032
583491
764330
2340700
2096260
1813553
1266091
1627309
2051763
965481
956861
1180349
1070029
529734
412022
1563277
676373
1299710
1128920
1495156
84957
722683
1588677
838537
275433
519240
104978
1587730
2196604
611783
587721
202536
1708411
1953937
227370
242260
474091
1681077
2615472
1123230
1660355
2258199
748072
1209296
214266
381301
411524
2171969
2165911
1579549
1776262
1192069
953851
1740397
1401705
63367
1651650
473947
965756
2238235
1860383
1595992
1538634
2458745
396378
1081758
828623
1148113
113142
74997
407146
835025
1033520
45365
582480
486958
196738
1625874
2627184
358546
1229998
1838378
1807503
2345163
2536879
2497650
2583960
1779678
2401021
1425869
616414
1271541
618679
2456889
1693965
718537
1998078
215347
2576048
2367485
2543062
1098399
67835
407905
1151834
2207087
594021
2375622
1886859
465432
476034
65094
1013389
1943948
2063801
1285032
1208970
208477
1732656
946033
618794
870754
21153
211702
1231887
1972475
1587838
1392108
2380731
1251689
182824
893566
132803
317630
494946
1454502
654209
2492560
2290023
346253
1399914
1013:
973154
1026117
117440
1014:
349596
480032
2409553
723559
1837639
295232
1955730
273289
1015:
455527
2452816
2204490
674363
919933
794963
1016:
687304
