2056:
1756747
1508269
1254803
253900
2446710
1145993
1840900
2487125
2326912
522588
1897315
232165
1065410
2057:
439072
1070072
2197373
1367183
935776
1522246
1635705
849381
1339738
974317
2012579
2304868
1813114
107987
1854153
313927
955826
466498
220608
456206
1107138
1893553
484407
1375966
960499
2629273
1632717
26608
1220506
1852933
2425661
2281128
986982
1141292
395230
2476215
183462
2626929
1760220
603086
76143
1737606
2547616
528190
326680
2610437
8943
2304996
1780884
1036809
2484783
2166529
2128219
1473059
787091
780051
1062999
1444228
104608
1992646
2574932
2454683
2191864
1617088
235267
1652730
1414380
2273952
351416
1081545
1424546
653974
1298008
2436726
1971778
2030487
642880
2568140
1220947
201242
705714
1124158
68301
2334636
852107
93934
1359010
669943
1501162
1608437
1279226
1174780
1925056
883159
1109357
497048
2070911
2553399
907473
1478963
1358164
599280
313160
741906
1634477
1898684
2413467
205951
2563334
1715
1428228
2331304
2452888
1633881
1712036
1363282
443884
2431953
1236127
1502406
1692256
1228542
2133849
133172
103174
596559
1302427
2395221
262155
338435
2429728
1611246
498713
1424946
2198011
2521938
1335864
1188105
47010
2004226
1758386
1014582
2642640
55825
961130
2469065
1490800
490
871496
696762
1762511
1087778
1660219
338219
575043
1921654
40666
57116
1232372
2407107
2205706
2243110
422795
2560752
2227418
378571
2285499
900093
836644
2147310
531344
555623
2008188
2049928
1467564
854924
770387
1165253
1324036
1030929
2428821
492513
516318
1174107
1327504
1769610
1036108
1871317
2614908
2257126
1743395
817141
319344
1247279
957133
1827698
669725
2561391
1857138
2563742
171244
157181
1203046
2517558
998488
258548
1019416
643238
2539629
2058:
2445416
279382
2059:
577397
1988569
144865
1323694
1565226
457011
83879
9801
640420
970294
160390
1264071
977024
1245086
1367610
1105933
913687
1571464
781414
630811
850140
922804
577350
2147440
2054936
2105403
811788
537407
1180795
1835833
2611877
2015607
1796236
2276171
2396379
699263
1137704
24624
1234613
1855526
2062136
1177096
1037036
827057
1294814
962226
1855220
208962
863690
2154572
684590
1855687
2452051
1803222
2469866
661383
622342
768764
2240252
742438
1985610
2212518
1623924
563486
1684124
724153
1041076
33109
1446418
2550924
206:
44772
395311
1099917
2232825
682771
574861
1831283
892018
2541041
1613511
1435959
1753406
2527339
1874444
2165081
105075
1206588
2110827
2091418
1598528
1524178
1606148
1083074
130990
379848
1230031
2500894
1333951
2107222
2025184
1197886
2077308
570176
1661550
562888
1379931
1094167
2299467
1397430
2093937
1097605
2250564
2510508
1488135
914539
979175
1585946
1717548
2229892
902851
1576336
118825
77501
466366
377763
2042679
2051573
75155
2630485
870954
1736059
1370872
768474
2587702
43011
967872
1088751
2077471
1768277
449536
318572
2584617
28932
2511602
2133425
762006
574749
856670
1238919
309725
1813211
2379431
2060:
1199469
876202
2062:
2092076
2548781
1430337
876429
597709
1849453
2264014
1647942
1898877
89454
40950
463646
1830493
1291363
1183371
2063:
1892326
1843418
1450557
1493425
2108745
559056
2119165
319732
1524238
1604160
177481
728294
1052227
88278
1220482
1859277
1636233
1167144
276515
1674736
356157
1854727
1452067
1421913
1870813
1060699
1951842
1944807
1613791
2077022
623797
658779
1420189
957071
1340911
723956
2304450
294375
1273176
21217
2136182
913242
2486568
2634847
1393498
313733
846832
1751829
2064:
2431133
2446402
62244
1621342
1087359
2408948
1374172
1044359
2369777
1588269
1130627
1415862
2156619
1150607
431577
2065:
1605561
1101288
2066:
1445965
2189183
2370614
2431150
1238191
1749692
2478991
296767
1406191
2067:
2161330
1174264
9375
2020963
150112
2419624
2068:
1089049
595054
603196
427198
1011293
1146569
1079633
284080
1914329
260423
2522960
2337950
418289
1492475
1843186
1065779
1892833
992253
2164898
108161
1930086
2069:
1846990
960246
2543785
1413205
1229702
1770563
785968
659535
960911
1060584
899230
1657915
1803856
273784
2573187
2319492
207:
684076
1206346
1676291
752545
497453
1140844
1549677
1787192
2070:
2421539
2084990
1990416
2071:
545065
1496567
215778
2072:
1427683
2084370
1480601
1491365
348336
1099591
1236157
2417880
88972
1802522
1210814
2626616
2018039
1648143
930515
25126
1783480
1147445
2275916
2318900
2289779
2631495
2073823
2322231
1864950
1540369
1071316
1433837
1959134
778229
258297
1115098
1316022
1891922
2572048
1415331
1168051
1058124
1960237
1710904
871065
1425757
1225952
1978303
26170
425953
479561
2529287
577392
2073331
806072
1721884
305521
1982070
230871
1095670
676967
808795
1581117
2127062
639946
1798825
1119668
1126160
2511228
1468415
2076766
2192730
2073:
397612
868024
2074:
1750223
1054303
1512533
557719
632311
2018046
2470704
1946537
54039
167501
2009923
2603749
1219663
1892460
1931171
1453837
266364
2342003
968412
1587944
543672
575469
650517
2277995
1844810
744254
534132
66392
533344
276316
2443392
1454625
1409567
2571494
2161439
2342649
75382
311831
2320956
2075:
1923366
168599
1191347
322974
1519646
1372264
18187
1118220
2076:
2020735
1673323
603861
186874
960022
24454
2410705
2266191
1117726
2135072
1944101
508491
2512862
1605578
2077:
1513515
1156358
1854033
2311148
487949
1803556
106438
129409
2071493
1083598
2265271
350374
194631
1355668
5597
2220044
1421091
2038196
2336555
862663
325824
948398
2204095
2646653
534793
493190
1804511
2590395
1148209
464169
1468667
1831959
1654862
509510
169981
602496
2183333
1207523
638730
504408
1620167
1815054
1084762
2503600
494492
1194362
446587
1059294
317679
26969
2510236
767570
2017813
2167071
1907733
369517
2064638
54217
2167089
2078:
518598
1836448
1216257
295381
1624280
1130862
721269
1233464
1303458
747181
2481068
351478
82457
1816468
733424
1473424
1497037
598772
2528920
936393
168520
1336227
958408
1773365
1086299
945302
249258
2621071
2241337
433843
242308
1984063
226166
349734
2442925
1079056
72659
2308144
1215616
1271225
321276
715821
2175910
1555507
628650
1974423
2403996
1228724
1880029
269935
165077
1938255
421008
2528046
2387091
1780196
1549245
681024
1028760
922463
2033742
1522983
1584831
913841
1352912
1298601
990437
236449
1992383
2079:
235665
2374340
2360906
2423786
208:
1432761
621640
287825
353753
1426261
2150956
329970
1086447
1620983
1008157
18830
888200
951906
1127829
1998382
2145733
79533
2112928
2238663
1506414
2150982
900096
706848
2581993
764574
549652
770228
14254
818784
2080:
2364702
386370
1476700
2329035
2266041
1163128
1666945
1654725
194639
1687753
1807869
137921
2022610
2477261
2420389
2057765
1777135
1506836
2083763
1346829
2501997
2538817
1622071
1809949
502683
2005076
696432
2378747
1055770
1381120
1754677
1188538
1676723
370532
1157675
2547519
1302977
1136668
2081:
537085
2006132
1924109
1139736
1807320
707527
341053
1232292
1508020
752929
2595154
1279892
1633980
1980432
2370716
275320
69669
1524551
2398969
2540497
1322556
897713
2440105
2079651
1023636
1595798
2082:
263758
2083:
89800
1829014
829192
2215021
2630042
1269267
1995860
1559083
2469570
2133714
543186
2619870
2084:
246644
546332
376406
1281112
1823447
2426931
2085:
86365
887139
1386382
60901
1683198
602856
377937
2430041
38129
1996893
756710
699937
1915014
2086:
737709
654681
377731
260618
1329933
2328247
347481
740064
586634
2607379
170008
106842
156403
2628201
1237971
230003
165167
2444045
1242414
2087:
1794841
2499060
2088:
2185341
1084384
2089:
2272678
1070563
158197
2405694
180737
433126
1386881
2428363
982779
1812408
174936
1690112
204211
2128788
2470242
2450451
1719973
1177672
279658
1467435
2268948
1769144
1677939
2182761
209:
620920
348247
2479244
562650
1160001
946417
1831505
327179
2321066
373617
515616
1930098
1670373
2612889
2329942
1318018
573986
946704
2329643
1948780
360420
1813345
234984
2206276
292518
943486
2411830
2341059
1552098
1352014
1592917
2564177
1794651
2349620
2008622
1413923
698821
392772
666131
2558092
512686
1104997
1287143
1351769
2391073
832694
1856154
1993263
1316405
2140425
585901
440463
1489018
1307913
2332287
2211296
379605
196140
2585813
2090951
1205382
2158839
20295
2227327
2498042
198656
2100098
1499931
2261372
1826096
845976
1977688
72046
2313292
188107
2545468
2084462
413114
2132263
1712725
926554
16415
1215340
1888404
1634558
1438386
845539
2068056
2363377
220817
241920
1857075
536243
1162897
717991
1752699
2311093
1564196
1294279
363243
289094
908076
129123
336156
2153982
2420928
983436
118061
524925
1603218
1521833
1169361
931690
840345
1893257
1647050
401738
343138
329815
1538608
1093313
1763632
416001
59397
2448547
1783738
1911064
2280917
169670
2086729
1408925
1704067
2179707
2420807
1341843
1715973
95577
2561905
847590
336165
1748039
818784
1414512
2189342
2090:
1507261
321220
1715415
2091:
252342
1800728
1693710
2603213
1941429
1389091
708221
2324425
1633980
694335
1945657
1834021
89574
727526
423855
1393627
1348978
563888
1444268
586266
2449966
2092:
1231242
2093:
2308042
861132
1627803
1761529
2243692
1377926
140641
1766531
667413
469968
314385
1924361
409192
2187244
1915489
729274
270288
1741289
1401168
886520
1475704
923495
1926846
356307
1525128
94396
2094:
2645250
1234055
649101
1126938
953639
2128788
573980
2450451
400381
2095:
2403764
109734
1103135
1519205
260079
394693
629108
53146
1739067
1075257
907680
2074087
2096173
874483
1600794
162422
853484
2557549
596921
1077444
1621846
1009434
1704559
106654
628672
680846
103184
240751
2564757
960053
191334
1108669
1217883
390308
1419355
2439551
583144
1359819
2083656
910479
757371
2617278
279058
1490572
243538
2481458
616280
1497256
959577
2391184
999247
918598
1688803
1873369
1581818
752985
744788
1207005
282515
2431568
1422112
2353228
2132276
695752
423190
1993512
923068
614543
2584457
251904
96611
1842957
1070760
531778
311690
610009
2234549
937245
240214
1990010
1024097
1261762
647036
2526386
1023229
86116
1496545
2290433
14876
255860
1548945
2368003
1358856
1158961
776076
1385624
2116936
2283587
1417616
1512376
1773962
1971932
1780182
797657
2467371
271448
35928
2216320
2329980
2263752
1388161
2417519
465847
1040386
2031776
2076293
2035982
2493324
250682
1393062
537693
389625
1399221
66053
1845337
2268465
1564649
1666097
189308
582818
886649
2406178
1801418
673886
2464060
1018336
2041576
2595083
1342007
1807349
33904
546062
1432076
1712308
2507355
1166750
1961072
1267158
60469
1887234
651102
1448129
640752
770504
751996
2607238
2016510
1947770
521183
177533
517175
1903607
1894547
2155282
1595047
506613
957902
2085288
874678
2251582
166734
2132895
1634946
483179
527769
1567742
1441790
1811136
713886
1802045
1172759
2342376
135922
489371
1471089
332392
1792312
900491
2326931
1833188
1038059
2056745
1293550
1258182
1335446
272376
1487465
1496529
892567
756530
867865
950789
1868957
38838
1296988
2231241
162510
257639
2173669
984026
107215
976049
1941527
