10089:
662823
1693997
1985602
2345955
1205751
1009:
771276
10090:
546726
1586837
332198
1379079
957953
1819779
1157016
2606628
571514
153301
1903095
2258395
642625
675374
874634
668240
916421
1205750
2202570
389498
360295
898519
1253426
1125189
744441
1679271
10091:
278568
1662187
1945220
151227
10092:
1404357
2170522
664256
2637702
1407307
1540482
1437035
2239532
668597
300819
215259
10094:
1188847
233058
160977
1828647
825904
947651
845196
1061602
1535959
490534
1434078
2412766
49768
187246
258366
540427
2448511
604086
940748
1924005
887234
39024
2525559
2048896
2234779
776980
2139710
2484321
2280894
2571914
1406587
2520829
1578668
1018107
240403
473399
626868
2284986
1296813
2598110
2120110
496440
2325074
1174715
1545082
1437226
1702907
2137336
1741391
560834
2301646
443440
606160
1099321
1124217
963711
2118460
340784
147205
576440
1764898
1100308
506230
1666184
1339504
632060
1084822
748763
2403666
1292958
1521705
91150
217835
1325083
191858
2498084
2384696
10095:
880039
979
1146509
1041412
62801
1983493
1647549
2208807
2488843
1577198
277858
2195610
1859163
2638666
1148126
675639
2311676
925061
2300816
254766
533445
2563776
2258425
833293
1708093
2079622
1351211
370263
151192
2351930
2190231
1222995
1304750
2601856
607862
2384318
1039775
1500640
656423
2364835
670488
2629374
1851680
1756375
462751
266493
2512180
2300176
1754362
2467063
2347324
10096:
565596
352740
537085
2104526
2296897
1620113
215385
844899
1448808
244360
307601
849618
1366677
1788628
1060246
2503865
354964
1591355
265080
1148888
2258084
1903035
1003019
1324587
1227148
378924
1836477
334658
1171174
701925
1393748
1470644
1186032
500413
1885932
318752
2554937
1478491
2264741
527018
935252
2355326
127934
459404
1640458
758500
1229701
1868905
2554637
1054433
2348445
757773
1566569
3053
1862897
219925
888436
2081761
332192
815696
410129
91036
659611
2538397
1607931
25233
1998037
10097:
987345
2468875
1037533
938703
1224959
737514
240869
298084
103889
255531
1226449
160892
1693787
1840613
462292
1818906
127008
818982
198630
240694
166267
1631069
2558578
343929
326858
345444
1983147
691208
2620516
1395175
10098:
97745
1259636
2369255
1855379
1037808
1791296
853788
10099:
2455256
2519214
2635437
2337346
2335075
1962908
159847
437074
80947
101:
330551
1777623
1151314
812892
2093536
315550
1010:
1146212
10100:
2324555
2360507
1539212
1105663
1842677
1721751
2434170
794874
1233297
695070
2143367
10101:
74841
380135
2092613
546941
2618683
1141923
395826
2160684
2255687
2388691
293374
1804140
1797672
1301746
1149299
793082
1331438
1767864
1875936
671801
305901
2497410
2349409
1486735
489119
468193
1176502
886345
10102:
368343
1331469
1971789
2399471
2051508
845683
1447132
2570852
2188435
211898
1744378
94134
2646238
778170
1923198
1748432
1561564
1354048
446310
449655
10103:
1590111
654502
873881
1320926
474648
1952473
2029890
142244
2148425
2443898
545432
98179
1119016
253168
980693
1355950
221857
2412881
1404024
2018034
1298319
1099506
511613
1521539
2236520
1138907
267880
1408257
567266
1509808
2573624
368065
1056041
2102677
2514777
758012
598548
2562020
395246
1783614
1581136
1202088
1789345
1461717
1637962
1665636
379557
1235320
2314380
343177
282654
154037
439536
2539573
1056896
132998
384788
1239467
500929
532586
1432044
2016045
2375550
221211
393550
1969364
474454
1378999
455922
1412058
1758289
562704
2426498
640263
2611467
1698636
2057973
1143539
10104:
579875
10105:
1051186
2545999
914059
544673
841235
814989
122726
1062102
1880295
1577724
324168
503333
1253624
2558951
2331848
2058799
2490259
2581032
1748663
986502
874505
2306618
394039
1115054
580688
1456139
2442177
876427
870590
1225693
389670
103484
583134
2632525
696860
379485
2289636
227437
1832780
333272
2436280
1844761
2205544
1353854
119361
1917373
1443472
1952583
857668
2238510
1556090
2603928
816037
935344
1918682
770129
883247
431725
2624437
1042459
442954
142543
1141463
90807
2334295
1065885
1949852
324754
1843728
1751501
2207967
242146
438763
797133
445045
1931285
408189
2158458
10106:
1946174
1351959
212759
2082078
1027103
164303
1806932
10107:
1767208
1775841
1179784
1964378
1461767
406122
936167
740582
52747
1649232
1387987
10108:
2348342
1648017
330221
10109:
2269854
1285978
1171375
1976232
225729
2135891
1016909
803322
1216326
2535874
2556523
809353
1782687
1817187
1011:
2082617
1314997
2246439
1222245
531398
1375578
1005940
415580
2599883
2624550
2238103
1297249
19508
2535505
556776
480419
1878679
1163892
2148643
346909
2161814
100482
916792
2190059
1101324
234115
1911308
73677
2000801
796610
1343042
1361441
205987
2582004
1886719
2637327
542320
947748
1797811
1248428
2455508
22910
874797
2036051
2057066
1504130
580374
2054810
66352
59218
1658868
2306170
1620114
2448252
1387073
2340852
332627
286791
2530843
1037713
2180019
504834
1282292
1093671
1588745
536484
402854
2028180
1686921
876370
471143
1832861
1242108
96836
2594264
589107
1512002
1947280
2185278
2588966
1996893
300296
1778011
523793
1533353
256935
1207868
653610
1712055
2534614
677509
2144810
1126499
1380829
1650804
2226361
2194974
2438614
2595003
2010309
2163863
306009
123092
65094
983572
899284
120943
807878
1738725
812882
2484869
765159
2011398
2002709
1126107
1377158
456680
10110:
2053339
320177
10111:
1452689
2194510
1286779
273280
1863002
1784953
36760
111054
2358701
1437407
1214857
382631
10112:
2155716
485943
473137
1433767
2159654
1559910
1774121
1575903
1903095
2258395
1260710
675374
2372566
668240
108681
2384389
1339156
2566834
1449521
2202570
1606529
2094813
901587
38941
623671
10113:
2069116
1473357
75882
2054733
386373
459053
501173
10114:
44317
320814
2098867
326981
2184469
101930
862854
1128254
114753
1519729
1117215
552183
1941914
633998
733106
2210298
61863
305969
89601
2007489
970031
102345
1077894
198693
1204074
2605440
2034374
1073138
2491630
483303
565860
2495342
37588
1145770
756797
1451702
854420
658784
1746869
1702541
2001128
762885
44540
2045247
84123
965722
2032836
213279
2151090
1148579
1328230
2494663
1508767
2309181
2446062
1895772
1881265
1247265
987352
462621
1271369
2432650
1965034
599674
2544837
467817
1662935
1230225
666292
1155513
2433552
2213414
2232958
260350
1261507
559914
1721583
344868
2630990
1034587
84369
2393246
2506933
1773421
760816
465580
1335962
2458007
218678
1425555
1116402
1684238
974651
2194062
251863
1687122
383844
2288878
1235184
2878
273549
2251907
579153
2587365
184660
1444509
1788058
2087336
2582883
1240070
2207294
1598830
1583497
201495
2222539
2359729
1603423
2213300
1220682
990552
2298592
117355
471658
2237329
1703029
350560
2495649
1545709
2026641
2555718
1669786
1035279
648196
1271567
1962074
1913136
1672587
2207438
2389968
1523109
2610877
629561
123541
1748273
1018180
1537586
501521
1303790
1117923
881000
487045
1226703
2181557
1427673
2314664
131694
271648
1447864
758392
1534318
1058761
1803027
1467925
2564242
633010
187299
1089528
2197493
1439400
2448438
834314
490027
2067584
209822
286756
1094273
409230
494262
493110
716605
922318
1073464
1563196
1859144
2604659
2131146
2459559
1078355
570444
1707864
822444
48260
2533773
1157331
751003
353737
2428563
2446820
1620646
1223905
521391
445968
2645144
1423467
1104391
2056290
222212
1833981
446678
1319603
703831
1074215
910338
1558491
126990
549730
1277202
1263857
2568245
8689
2467539
593144
1602582
2230827
1057176
1485134
78266
1650427
285339
1071072
1289394
1693700
2330625
784578
160871
932207
164975
1286211
1907904
2552360
2147056
1199783
2548363
1691507
462470
2541196
596586
656516
1179883
984933
2133039
122126
2270065
1067366
1071954
1915928
807288
594999
2023298
1147093
297629
2431604
1293345
882258
1353717
1065369
1838993
2277656
931592
770544
125864
2387786
1679805
40736
1809344
417422
591656
2469606
1153229
659308
690837
2183204
1015228
2265259
1928030
2383754
14175
869953
1801696
2127523
662491
128735
809974
2078187
1570773
2580383
849818
978754
570022
1280276
2250156
1428181
1409804
1403764
1912781
1522923
320972
345645
1814534
1888656
818453
2187947
2232970
178623
2604225
392761
860467
1977333
1674797
2211795
745651
1727872
2360518
894884
2618167
1712502
2595955
292591
1613658
1206512
2001422
1004257
9290
344936
715493
564683
946409
2548936
1478285
1912807
234295
2067761
1694115
53322
204392
2182104
193549
1466042
2379403
1531023
1982578
2517523
465977
653397
2417987
2247148
1546049
2589653
1942118
1196988
1474838
1893990
2242544
2363634
633866
1620799
2034997
344480
725961
2573916
210209
960558
1031136
991188
37808
1137278
2602911
208067
1505280
2404201
304409
2472275
1217381
899203
254008
589469
1689072
1231069
1449673
1493208
2458367
158986
1250364
106697
2358741
1545335
1621282
423283
933574
1081802
455923
1466045
1897275
542985
194170
372738
924221
603624
1593211
1440280
219143
308535
433316
438572
2270144
2645100
1783317
2141881
1661270
2511536
1635319
201694
385250
1260142
205901
2605717
42839
2611773
1167452
2605214
1698040
1346254
1232118
499527
1018592
2595571
794305
2135166
2148317
792157
1124753
1100308
2002421
2344919
565641
1072273
1851704
1910771
16229
1986627
2155828
2236382
2403515
2603173
2281987
2370571
864611
821837
1402913
809575
2248097
892020
2406399
2524489
2212304
2017865
440091
2126899
1502740
2335220
1359153
1997184
1002171
1789341
616857
2048294
1988166
1736710
2603767
1113432
678026
1825746
2585474
1531190
2404121
2235525
2205342
2348332
487275
367825
691604
384003
2403338
1227636
1344573
220378
340181
1317683
2144458
1113886
219387
967453
1143550
66027
1154435
1021504
759671
1548048
2431628
1342852
1279445
985416
484323
1055050
243833
60385
1141352
2287769
2146536
2440835
857604
763065
1445634
719881
1592285
956749
780082
887711
1937340
2453405
332284
777503
944048
450095
855140
1341870
423631
1234795
1285458
1934125
374509
1523063
1194794
588527
1154872
1936585
2481883
59186
257193
2457611
925306
1397262
1831290
2066732
1989527
485105
684387
1544909
419081
2145632
438763
1149012
1609332
1918397
751550
1939409
1931621
816114
2521666
2274341
2167089
182154
951858
1287432
1258841
10115:
425908
918233
338916
10116:
706338
2522445
1969563
200215
1409864
758639
758318
1100638
2295885
1487845
30652
10117:
454849
1204904
776260
922615
1277457
2181970
1506293
873637
2262753
2310236
1694188
776536
2370765
2586014
1346236
1008264
46922
1070528
48876
2063888
239662
914678
1017525
2202279
859359
1594618
1462096
573068
1089008
93850
759273
1327129
1628483
354723
2400246
382742
2309573
1591072
917722
408406
14817
416932
594505
74183
2512610
651877
2162066
1556419
1151212
419527
2437680
1344701
416892
1896286
2120852
2575399
2283401
189154
1503263
568473
56415
2097043
1622108
2514559
1983788
2461130
2254554
1706391
832827
1178139
2554601
2605240
1772801
495465
1738969
1948153
10118:
2041199
1079060
10119:
1829027
899232
609690
311271
1959320
1273428
1711859
1210574
623294
55038
110089
1690287
2581233
1625022
1130862
1685673
746594
544298
5823
2186329
334798
1663779
552758
720643
753427
1014716
1733123
740223
2381752
2474198
242001
2598508
1246772
246911
1234299
1510439
2502483
2418288
2186817
765489
2023207
1040284
1662965
1276137
2122647
2246014
1295970
1586088
1923459
1251093
2579274
1265581
776126
2029453
157799
2604150
321493
2146162
1252684
1752332
306765
2640902
1706908
147078
383004
2581823
2303631
1548360
819521
722685
316755
1574695
317301
570909
291018
1462064
1753483
636065
2217934
2588947
1424091
693999
2046124
1530695
1852987
1847537
777121
2484211
1828844
2264454
941017
2558226
91704
2585735
300286
2536540
2544203
891975
2223396
1468286
700018
627820
743823
1657301
1526299
1474466
2617933
1433800
1756303
1519184
443404
1768382
52948
1336792
812666
316449
1050953
1081461
439202
272712
2042275
735562
1540737
1228450
1162923
692637
780711
1494367
1032032
1012:
1614555
1048963
2583831
701770
1380686
125559
689700
656501
808135
1261010
1406669
29395
2036746
2617555
832147
1136754
1616406
801651
1516404
1394920
755098
2254096
2012745
2407893
1727111
1393380
1259960
2185076
1729350
2647328
2270260
1946037
2529439
649243
393655
1763923
1026711
410466
1687847
1240708
1833107
2020414
2234000
129418
1306112
1496529
739028
798875
1768173
1084888
746296
1224125
236574
1161373
1244116
2571299
731856
806734
1285563
1244564
2319554
1960291
33553
1518868
2495933
1995527
323410
2346008
1458110
1870259
2210104
435108
244418
897502
1064053
2355949
2340836
1029352
1337046
2339507
2510628
1102032
822855
583491
764330
2340700
1920133
2096260
1813553
1266091
1778729
1627309
2051763
965481
956861
1180349
1070029
529734
364749
412022
1563277
676373
548631
1299710
911537
1794635
1128920
1495156
84957
722683
1588677
1938931
838537
1574829
1030798
275433
1229707
982514
519240
104978
2310575
1587730
480094
2196604
611783
587721
1861754
202536
1257144
1708411
1953937
227370
242260
2121145
474091
1681077
2155354
2615472
1123230
2606872
1660355
2258199
748072
1209296
214266
1647845
586543
381301
411524
2171969
2245661
2243031
1263021
2165911
1579549
1776262
1192069
953851
1200485
1740397
1401705
23102
63367
2481257
1651650
473947
965756
2238235
1860383
13134
1595992
1538634
2458745
396378
1081758
540803
828623
1148113
113142
74997
407146
835025
1033520
913642
45365
582480
2297934
486958
1770701
670409
2336875
196738
160659
1625874
2627184
358546
1229998
1178389
1838378
1807503
1442032
640323
2345163
2536879
2497650
2583960
1779678
2401021
107723
1425869
616414
2452947
1271541
718153
618679
2456889
2632371
1693965
718537
1998078
215347
2576048
2367485
2251835
2543062
741248
1098399
67835
407905
1151834
1904406
2207087
594021
2098933
2375622
1886859
533018
465432
476034
2455151
65094
1013389
13996
1943948
2063801
1285032
1208970
208477
1732656
946033
618794
2326623
870754
21153
211702
1231887
1972475
1587838
1392108
946528
2380731
1251689
2087521
182824
893566
132803
317630
494946
2280858
1454502
654209
470546
982225
628539
2492560
2290023
548304
177570
346253
1399914
10120:
276210
1545957
2357046
211108
2388007
10121:
1938835
2584094
2056844
1761707
2590532
2196865
1068659
26750
1079045
690334
865387
1794755
2333491
189725
2625468
2290578
1851975
1400923
1167991
32057
2327149
2301114
1794701
1129884
