10010:
1462925
52050
650466
1813166
2224061
815731
154626
531384
696688
1088633
639327
59938
1856669
2034703
1060588
2475682
1075860
1633365
681503
186927
2374977
2113696
1677862
10011:
1624701
2646826
15580:
1158705
369713
1374644
2591725
1093362
2560436
749379
1848548
1416712
2092093
1809073
15581:
1786736
15582:
554807
1530342
1052739
1860535
1324811
809073
2327119
1310963
1590515
895804
1816975
1876410
2084638
657140
66605
1003642
1803042
558574
2477016
21197
1333674
1857750
1911520
2388766
1997517
218028
1608350
832642
2580632
631747
1195250
1921454
1471834
1933023
2501605
2160526
737121
496975
1283529
1750423
2152475
1745819
570812
2602250
934436
715051
599332
2552425
1698902
2150641
1656687
721316
456933
1425011
1436447
1972439
1407742
796441
2599115
1456113
1765341
2134632
2115846
1428321
2364067
1515735
1441226
438519
379708
1751002
952766
194908
955226
2630807
2065893
618314
2514503
1264458
654177
626061
1833397
2225175
2619663
1588531
2123598
1438030
743483
1849575
1845679
1168489
948859
1123142
582609
2356674
1466626
2087800
2571118
489883
2418456
2056279
1479714
1735025
884460
1520642
918688
642642
516635
407934
715157
2499525
2259693
646352
568614
1408442
1891097
96997
2507618
2095645
1555116
39288
2217200
2214348
2107176
1830243
2205134
771142
2282149
1142356
781601
1680856
668758
699523
621026
868548
71621
2544684
1482103
2071652
288946
1124444
2424065
2332887
1526791
1116239
1100423
2459387
1443051
687386
1788742
1600184
147098
243410
610541
681315
2570164
39797
567108
1694360
2340114
1977578
558112
63890
906370
1096691
2271753
629480
1905700
2594573
2634058
1516635
545137
1434225
921200
2585997
837360
1077363
1048265
293097
1023844
1852234
85985
1228464
2197508
2265049
120687
553520
258532
2307827
2315780
1927325
179852
597651
2563166
2373254
1313612
748951
1568391
1469384
989243
1496125
2266446
1281680
2156534
1461221
2339705
2346580
909077
2388393
1091090
252244
2297578
1226535
2433935
2000662
305731
226617
1527007
147417
787
537955
1544351
1076821
2038820
2439294
2582836
1569714
1786464
795053
2519883
2595313
1741691
1362593
2219951
100183
2001284
1900448
1623996
1017102
37461
2298192
717609
1445357
900319
2495414
38488
1476857
2563540
1544466
1063285
821776
1332577
1434132
1817281
704101
1238869
569739
2102650
1406183
2305328
2579056
2245681
2380233
2463332
2649285
1818934
1684837
1636597
2627506
770095
611104
158313
1496856
1548199
90931
833881
1643726
2483552
1339305
17934
2324009
210497
2493927
2356714
2210666
1311701
653272
243616
1880342
672363
1485368
561369
2367496
740113
2531528
1329769
1710521
121216
1091348
2549160
898593
376421
2035894
1492008
1310678
2315363
2071940
228619
1878756
2343108
1819451
489108
38859
1869208
35046
2081467
1754677
302611
635007
106086
2117222
2399661
46487
26396
482382
583576
696777
2449393
1422586
690300
343591
2059542
969853
124771
1875980
2623459
1543997
2224197
592294
664779
1674928
634196
1351704
972161
1889643
143438
835881
1839601
2167476
2079502
1725635
29069
1047759
572243
2348938
188274
2278002
2000590
1612257
1171698
2313873
453114
1954067
88883
845057
802942
1501537
1040662
2167607
2414828
1811764
1846353
2179614
2631286
2253236
1138165
1782227
846339
2270461
1805262
1814762
301803
1994088
361826
422585
1368379
1409892
263065
921465
765086
1648597
2143647
1563496
441493
636315
323416
2034630
1451438
2115720
801068
1503426
2130144
2045628
2480413
1929543
2442555
794138
1557354
587891
2376435
1414726
226772
1160937
233787
2202387
1523063
814984
1584470
97720
2496396
2324356
231608
232888
1598902
633145
1869577
1117731
1087782
1207508
2468891
1977135
41639
1913033
166410
1953303
214242
1211604
2136765
353608
1473815
2625782
1010868
1148142
2134915
988018
818093
6134:
669453
1028648
2390944
2617263
2446798
261048
388088
331653
1591836
1661657
256577
1183411
1429450
248279
2105852
2607881
1633111
2404284
2104820
215739
977568
461675
1997199
2231654
627615
1210673
777352
1808164
311532
100710
1031385
1717039
2296663
1418365
1646169
372756
1407027
366572
2230831
1788029
522738
338112
1411160
866820
2356072
1445570
2341413
700494
1613430
1081734
1394739
1592895
1599174
1495267
2005305
1543293
435567
1452324
1630326
2312089
170511
323282
1203011
2301439
1837254
2365032
2000982
1109496
1473300
1641239
172358
2626112
192869
2398984
93102
1761746
765196
1054172
253015
642076
478484
2533709
230476
1810393
191090
1425844
2481935
1821205
2056977
1006420
1739836
1043262
2510988
1280305
16873
1382019
510298
447201
155443
744945
79652
340488
530647
2074369
151085
1893967
1961487
1383887
603818
181304
272822
1252889
602686
2084722
1863139
2488360
1430340
2051620
975534
1488208
2476542
2064526
1289481
105545
2409905
1806147
2217612
2387269
54083
2000192
273411
2479719
156552
2310732
2413648
115362
279261
802753
1290852
1986103
1765660
2247037
1430681
2547001
2253346
1301114
918107
636297
2290263
2041270
2102249
2588521
2451260
526838
2060793
19983
316319
1503383
1034401
1514711
2605318
512920
2040928
232713
1205118
2252361
811312
2471601
1334501
1820484
1542823
1012182
1777540
2563982
2075759
892149
270618
2570904
2355134
1542332
2554765
1971551
1301362
1758186
2438293
1083004
2069440
1239620
1306274
516819
716569
1719821
811961
2272084
1183080
2133433
1283170
2340957
832655
1098934
665618
2178645
758000
261466
1252313
481013
217065
216226
1373153
971955
493467
628579
1582282
2255594
2404403
1013593
1100581
1026771
1763471
92947
1832840
424270
487045
2446621
589575
95748
1502726
2242733
952786
1400585
1111275
325332
2435672
96987
1867353
2205093
474241
1214409
948696
2090376
548756
1168992
2094918
1991858
481119
2594376
2038253
2137205
2202039
1392888
886746
1862666
1980633
2585557
1164305
2403757
863933
1503797
1785469
1788303
1926226
254999
1506282
120348
1596332
1627772
1889301
1994906
840321
83923
765168
1799398
1816506
1309104
1230173
348367
1819989
1921
1115350
2465079
1121954
128768
1083408
522333
63643
2261112
1536064
621697
1630775
131741
2482370
2213540
1950835
705189
352036
1471341
2022118
2411521
240868
1636878
938229
1720816
2375031
2225860
313630
2062756
2101409
1788446
670688
1030757
554666
145980
17745
542320
250326
301042
2097872
1407739
1111923
682418
579050
1926410
2233287
1774258
1914795
2046048
1802074
2382687
2418456
2567556
312990
102828
2061764
2638054
2201892
1228908
2626621
210263
1439702
903288
358332
1358146
87
2422941
1339916
225098
1796464
2305889
1789857
174249
478093
2137190
907798
2179825
1122068
1517894
1953163
1042014
791816
368541
582170
552456
1510418
514857
921177
23657
540979
1583331
676123
2631531
1408631
679546
2202820
1926593
1166406
2123743
2649052
1794377
2090164
390325
2164864
280968
2231682
1548374
2442770
833947
2003117
1883897
2045987
682502
1393203
1260846
2166642
1690571
2129837
2272648
1929991
688936
370824
170586
1142412
632722
903565
470186
107228
304410
1533774
3522
287103
953397
1693244
1606959
45120
2370787
462945
2264596
1838072
213769
1620030
710857
1308377
1419039
2417860
592001
2151221
1998491
1730496
2597738
2342455
191132
1199067
2300021
88926
813429
440274
1415320
1169491
27485
183726
2192139
2168350
2614716
630457
129620
431835
1898500
1119253
517378
50360
920745
1334977
719850
864623
1210587
1247713
1971104
641946
1424596
1738587
807039
650468
1323351
1371085
459257
2189535
229722
1472994
1215739
1078442
1239121
1793738
997115
2226116
1362465
2004709
2440745
436218
2470846
785274
2428563
2318304
2087036
1509801
519802
1452003
1152451
2069019
1418861
625365
1972662
604353
117215
862243
713590
432099
1125222
801775
42516
648740
891262
2138264
966743
730526
2135637
2629035
1610253
1245380
667628
1441738
1884510
681092
1165621
1387159
1984850
1343514
458972
2383514
1172895
753865
2237175
2433853
1639184
1748682
606806
702648
312091
2454052
1619217
2381456
695137
709843
193751
2084554
2300758
2045492
358832
1324386
1945054
12035
2303588
2091943
178510
1516365
32791
2217940
463348
312508
2269093
564314
1488456
2265910
2582904
894613
1835907
1499597
945564
2102726
314232
876356
1361404
2125354
2548457
2173116
1868785
589823
755072
1934178
1393124
416225
2360213
2286389
2450529
1865778
1960217
1211215
516725
2274379
2223429
2527465
1907504
2208088
239998
265156
1895645
1251784
149800
1076016
179719
1775839
187445
1936674
1090183
1524018
2280413
1969099
570650
535264
2424724
402574
1963102
518501
826694
458495
529545
1275437
417124
1472753
2627733
1652453
2406619
1203619
93916
726370
2635757
2174524
2249291
1709376
2271634
2464917
2509221
1960469
2327026
2356031
1178747
447340
2417993
2390481
809475
1551775
2141086
1487144
1029627
878656
1197440
1075354
368506
209502
1429488
901459
2147387
1007546
2136469
2068564
229959
1195278
1591097
192410
1903025
2163718
2267439
1222006
1619182
486306
2310393
661584
2342930
110599
2156731
416265
2513483
1295227
2595535
1825637
2240988
1515342
796636
1012281
543109
1040515
1610827
1525956
2065421
617679
2394685
361329
1681764
1818401
144149
256386
1046090
1166216
1135578
2196679
1982577
1905836
1594211
125676
1689755
2386132
980778
575227
904635
1685645
1247738
282145
2555330
1950427
1773272
2518033
2001716
2502587
424515
1159398
2588128
918093
682152
1656216
795639
1942531
1301223
75387
1896342
1209640
1970336
2226634
1954151
543740
2582293
681618
2357051
1993827
403407
403743
895375
2452087
873976
476725
1433558
2187194
1954287
1244782
1064141
2330569
680521
353934
873065
85485
122957
1109734
1417622
2471921
1071916
1908691
1082183
1342719
468047
182446
158747
1217067
1702166
1402395
219786
548738
404546
1640724
725095
1767055
2225186
165801
1676315
1247211
1181609
2044943
2272546
65430
1376947
992377
905622
1374597
2564317
964757
2355886
1706131
1601167
1427890
1621380
1915928
1672632
1990557
826335
940548
1198594
2442891
1701373
2278260
1606042
1226231
1259671
2257736
1121593
1485393
1256393
1104283
2029495
962521
1110540
2108387
1206583
855111
2096740
370781
1057819
861487
2220260
2443801
2281057
127999
2158137
2572068
2190630
2490563
1765126
80091
975490
15379
92451
885358
1514697
2576788
1916469
2056345
4424
1115510
1938291
2191906
1266151
797609
1024468
935790
1823892
165877
2218059
2347863
1376780
1264179
2530416
2394573
1925759
109701
1435264
1170431
1866824
26151
2549422
1616726
1128665
1818511
963963
1281156
773134
53675
1429028
2354719
1004946
1797067
1711079
2507288
2446010
512000
1508757
21487
1693686
1005720
730340
1379030
1036044
1114354
1448964
1066160
705617
1569048
1148741
475728
2383263
1095986
882733
1020859
2061106
1044534
43554
2188442
1539925
63633
1130478
1284097
2173867
718474
1709184
1683689
2410518
1078749
2463197
1542238
2127409
2480709
2083914
918962
1183731
723378
930962
326030
2017665
1257298
1252598
2489354
1013683
736767
1697523
2643289
439654
2560688
1442784
2606141
2263860
1911006
1076106
1990046
1748240
2017881
2508822
37138
508897
1417979
2635580
1182603
1675088
2235319
2623395
1944625
886438
1030102
2643999
206610
107992
2350149
55196
2256850
1841470
464855
2032338
436814
747231
294177
414096
1063157
200602
858726
256449
2360998
1155911
1043571
389658
1950928
1748043
43224
2638897
1945969
153275
2632845
2037437
1503954
270356
1489751
1402168
947958
2449129
1691316
1642337
1568838
601011
2571302
1911092
1969265
104018
756704
1827874
639834
2114568
1984471
270573
1855207
2459724
938251
873226
1416149
1367679
1163629
1799288
2005482
440899
402936
2335283
2543199
2420302
235758
1420698
2369579
814786
978447
1180239
448417
661178
1642252
888408
146411
1968053
2468019
58216
1846490
1601650
1934382
230337
1982150
2268720
2038614
1151007
1123732
784661
1580108
422780
615818
2333563
367906
327200
575325
1289662
2431737
1418297
2200909
1863975
80688
1293754
2007119
258302
650453
2335457
1243280
1214083
605908
1993559
1234850
1564470
2040345
763220
1579422
1654704
2552529
2141422
181438
2007828
2149094
847867
2522533
458831
1296364
1566893
578692
1966113
5004
815093
316748
1239154
2227325
1550732
1369611
950539
2273366
2247173
19478
139904
1442512
363242
2540444
867654
1224161
64120
1974617
1780924
2560416
2109805
469643
2558018
248212
2365965
1819172
1072717
2484931
688314
187865
1990779
1114446
246608
1551539
2513220
1466527
1600170
377550
620222
190874
1254259
1372171
1512848
986252
46000
918045
852186
709993
1630028
1088802
1441705
1516514
1719979
1118132
1121149
2091109
2143322
1374572
2222371
413535
2006636
1844566
618955
1814534
2648752
2359652
1022953
1991661
131115
2097296
628512
1745097
1643596
330969
131314
1183180
2403024
722346
1568517
594712
290614
2472761
2518323
2107686
1797317
1157830
43387
299626
713175
641836
814691
536455
1821693
58453
425749
1289616
1392854
656924
1912082
2331332
2407939
1760684
531871
2556319
712941
166783
84048
2477311
2413577
974674
979593
2242846
298162
645218
1970935
202462
42383
1746395
1120411
2099419
623827
2640898
1221126
48632
1577416
93377
295608
1125264
2318669
331486
453004
2107864
1185627
677144
295119
2141362
723241
720202
2219187
2102315
23083
117113
1279197
1226051
1063109
2539574
787505
2590100
1799045
32852
426820
1113878
528064
614791
365842
1116903
520009
601966
264375
2582763
2404674
1260309
1443738
222469
1054250
2283238
2468087
2299574
2072902
1771784
2563761
1425005
31344
1751020
742307
1477726
1303547
2001422
2534232
715803
1646492
2533460
2129638
562583
1300104
1573178
707826
66875
1206847
5369
1249267
657906
2360730
2351366
2248649
187839
108655
2325036
1447365
356975
2484405
1178853
2114180
2521032
2109923
2045995
1744198
2192165
879791
1540197
1441565
1517739
2186484
263053
1527635
1717655
1704511
1933276
1941350
806373
1066236
1456323
96736
1760277
1243536
344482
1202586
1057828
2121835
2130924
1697014
124172
2236752
917973
978076
1757115
567109
520645
2263325
122881
1726827
2468549
2293347
1167233
2312637
274728
2529959
710267
2120804
271104
2194081
1085167
1353668
2258805
2036768
1676033
306495
1236578
781540
1492406
318814
1801866
803848
787
587683
2203038
1933665
1063574
812868
241088
187591
1997127
2112624
18721
2064341
1283036
2630696
43491
1972422
1307009
11325
1644322
314156
1271242
1082325
1807800
464067
812553
835369
937225
2576863
22019
406026
1335591
1017422
2068969
78494
180775
1239555
395022
2294298
2316298
253706
566603
1308668
1223689
867042
2230046
1696602
1063619
374523
2176133
2123758
1819609
2057880
898901
1925554
299916
745376
384675
1591861
2593491
2182531
351789
2001364
14714
1359016
420050
124167
2255690
2018066
1304995
232980
1540364
641572
1409438
1078495
441711
1811389
894711
1604527
2369331
2242700
131586
693292
1446648
371115
1893990
1318571
410897
353058
2340736
1981771
666424
2029006
953713
1882050
523321
134977
93293
1941513
1422294
1610738
1760028
1236091
1562812
1797122
2327865
905544
1724109
800601
2245959
1298653
1046602
86588
1629068
1096540
1428165
1104584
2583898
2394508
45535
1247765
1413953
283008
114029
1167187
1191114
2471192
1982068
177494
89986
991188
458889
435684
37808
356432
997163
1955554
1389030
1276387
251935
806944
159486
1396121
779655
2044613
1537383
1918531
1411002
1951597
1941244
1907950
1984313
631363
1308495
2357943
1282246
1545423
2307631
2478831
1966523
2114072
1195966
2176474
1562685
1244738
2136715
966274
623943
1307860
2591674
154585
2343435
2368254
2129683
731773
787216
1885404
2473716
208171
2375534
43148
1829787
1037231
1363602
288584
1821399
1796046
1606273
2437462
