2319:
2420848
2447366
66692
962645
1554343
2527572
1751752
1693016
86365
1631729
1451623
1967058
2628192
2366006
424121
1049979
1155559
1138392
1711022
1841531
1712972
2524260
188570
1550751
1511683
1529717
2445276
21857
1754321
2359703
678579
318174
590205
1785164
424345
1056435
2138909
1739389
566120
1791653
1873377
2254067
2001521
1029197
188813
1803726
451892
488286
530031
171944
766141
1246041
1046608
1514294
2266049
1252889
954888
823589
2454494
1046918
2403154
2256866
760653
967642
2620768
1817253
1262109
1088976
491066
2224306
430644
2336079
2491172
1326506
1157088
965047
1774245
520989
1759607
2351750
2313488
1718362
2351813
434562
708953
2430477
1300130
2190379
870715
2566956
2371183
1632747
178186
2395283
311339
666079
1424872
132489
1149218
1131860
1804473
2420654
1189881
49890
2598847
519177
2503381
235874
330866
1723614
2283856
1590757
534005
1758473
475819
998108
2141595
433799
2410473
381563
1938784
293839
744445
1175727
2176529
2498370
778092
773812
588885
301467
1985731
1665912
576975
21003
2606404
2391645
350389
2571835
505289
1623186
1934588
890446
1398961
593305
1773414
201321
1812630
1674205
1160737
1620548
2036885
2504315
823557
1222600
1913820
467033
1642087
2421630
1901865
2051323
1065795
2438832
2048422
1828844
2637135
20868
1540610
1450658
424740
2184621
1543393
136473
394890
454168
2362167
1275744
645138
415386
1217471
514403
1341239
687237
1214125
1249765
429876
1970936
793581
1190119
397022
1445262
1637260
300377
544518
700126
858264
720581
1608972
719730
607153
2023357
1270957
163345
820078
1897939
1466241
928490
835147
1759971
522304
1192772
609122
399061
924096
643485
1325039
1892343
1446612
1422650
201491
1278814
2282041
1915415
1411823
2316591
2354382
2566355
722287
471760
866578
1039955
582114
1904574
232:
1546342
2207910
2541531
227967
2240742
1897071
1853136
1450842
585388
1138678
2599941
159523
2010934
2232866
742446
382964
2398075
662707
2247033
894852
1232194
771395
2328536
910493
1638959
420626
1441738
1613378
1795251
73788
2116448
2353594
1244204
593893
1156931
309934
2258181
1709186
579190
1991094
959509
2284803
18830
643544
2025365
1855068
1443495
1216365
2202555
2028180
215821
1876274
983308
2122793
1965579
1899339
431056
1852930
666673
880521
251861
2356355
157932
664502
1531527
2098223
786847
238714
1613743
1214342
2047687
1115687
2198123
1636816
1064177
147405
414627
2321:
1599952
2567997
108409
165247
453785
742871
660585
952078
966465
2599782
2319768
1627749
1116271
1417911
1230638
236944
939885
992436
2233302
1408770
465584
2322:
1855975
2370529
1719990
2619575
715521
1377190
1096214
549912
2323:
541870
1993563
2157779
29903
271273
2260709
2330639
1239704
1635967
467409
1665912
1801814
2511469
1762932
1267814
2121827
1867709
2324:
946054
1728314
1020871
1954630
519878
1396895
1558294
1532613
2002313
2062600
1903741
2098064
2258645
2584442
1252327
57657
1765003
2297366
920045
1670491
2414819
2438767
2493467
834279
1294397
2325:
1842668
2519310
2569227
2266522
2020743
426406
2331660
2326:
1905905
1485922
1931648
2022321
1879164
963838
1641999
620546
1371479
1010289
383344
2128886
1519094
14754
1939032
2140974
1002696
1061602
1164869
1087650
1870855
405788
1657672
2108211
177017
1414997
1474581
651176
1076155
1518719
611902
829701
1255358
1293902
146610
1296160
189887
2307884
2438293
2065893
2031284
1070337
2177165
2196856
2266800
85488
1727539
372117
2166320
2136032
1150221
79731
1778858
308567
1745744
1918930
2112757
951526
2596134
1491116
1666592
647384
425125
1426088
662505
1209950
486062
440781
1129512
1900123
2628737
1106945
421242
220420
282786
1279217
1003540
832460
497634
1898880
2480565
578272
2101347
1546461
519684
1746160
96072
1184378
2474783
2610190
2229200
2416594
1903545
2087852
2075715
1765037
2565543
1039278
2185058
1389638
823109
1149365
846921
1523465
1238676
1172676
1317073
2190307
1739239
2113836
1570763
854770
1086653
1913977
1032623
1487263
992576
337827
1735584
976971
1145648
2184126
2352663
1478706
587286
252025
2168065
8382
2178941
113139
1683889
1469792
1239196
579353
1197256
924775
2337808
817463
1874557
1275696
1027719
163695
2209123
2267433
1211007
2100797
394081
121816
1956729
2113762
1563985
1922377
2232907
1420962
1929982
63339
2030488
1213270
1429568
512966
1504194
1981425
647293
908250
1422678
1855542
1859837
38342
1523783
1502324
1911700
2019773
571980
19751
1938029
594214
927240
1336964
2327:
1134828
1081009
777750
1843808
1548625
1114846
1010396
557143
2319899
1522694
1697816
1722177
319591
2379125
1491763
816752
113597
360324
327575
1819315
135878
1591459
1022709
2117160
1614212
2328:
832846
956230
20871
2528268
158732
630393
1811592
1059372
1185473
761430
1888195
34183
72399
525311
712997
2329:
2610949
656399
1042853
923490
215739
1873412
2349053
1582456
1099917
1326136
1256700
2387616
2546842
756100
463075
1931058
2636500
1217533
1101702
1408352
950521
2213319
2023110
2474414
682783
1520984
921074
1751359
1661033
1621169
1606226
622985
2040209
2597950
842632
893126
722573
2045912
924343
195682
1765712
1277035
98748
1773034
454995
2314776
666065
423505
1931026
1622628
2332407
1499127
1989641
1829368
945845
1224002
1881911
1697425
786054
28489
2070348
1717000
24294
602344
740936
1117676
1452529
803666
1802045
1495874
896711
1428915
354148
1121426
2579476
2506364
2215820
453830
671226
1841565
2011601
861061
2255136
2568358
2527339
1661048
229984
22699
2277841
1943622
1877131
406221
1540589
81901
264378
733424
1948321
89068
1370590
1158363
786478
2541912
2462758
1557065
2353831
316047
2359729
1613747
579625
1206588
2238698
1821872
2314059
776472
2616360
44516
1155305
574447
177622
351134
1639825
1292275
101834
842704
1802648
47495
1924273
224133
1818058
250988
1960288
1461053
2424907
763558
2127917
8287
2091987
1307352
1097253
836008
985485
278556
725116
1720366
916967
1251531
1061166
1227609
2550295
1089912
2479344
2557445
2539546
320464
2533814
2209948
1052912
1937310
1500730
2206068
1108834
778920
2322625
1174964
134324
1738760
772056
1518849
1818286
2465535
679796
1584498
1033219
677070
308946
1938189
1216283
1618986
377942
2025527
1639488
17344
1763417
2370423
910370
439482
1778107
442080
431835
190926
390867
607191
2205820
717583
914078
764742
1938576
746352
2310552
2369855
1970267
1890805
809376
982652
507618
50499
528192
665058
160193
1267309
20618
2149490
823032
39953
1758721
788476
964004
2443949
595133
1098492
801271
439805
1969582
2076159
875208
859239
790547
2266655
1182636
1180571
2112100
1465422
2001602
617679
2315538
2337346
720509
1965856
337681
1785643
988410
2352068
2163219
1632980
2110423
61404
1787575
1523143
1513781
1265166
1709015
58409
1107807
1932751
1116155
121479
1133181
2593940
2432179
1663133
579685
46773
2146805
494854
2592940
282541
1951919
897368
1203215
658010
1547793
403064
1629499
1403479
2348291
1339569
925551
372752
2202085
310810
30789
2313194
403312
1094757
1076378
55202
2404176
679801
1991827
2480992
2005264
2345386
2514104
2387840
192166
880541
2299474
1748979
229712
1421853
1948944
1783226
2570410
1826523
403198
2485434
2616816
128575
48996
2369371
931715
1838945
1629940
1194766
309059
1765917
239823
1310382
603088
2010902
1404431
292700
1777691
2582458
1991148
2125793
2563135
2444217
1402583
2023996
345341
951303
2416763
1030515
782382
2510339
14225
2596038
1300751
298198
2489150
162489
2347424
799746
2516109
1791743
104042
2377006
2087266
1157965
1233338
2098745
1226585
1304766
1420484
1458131
2564229
1390413
2273992
115221
2419019
1083501
1828258
1092726
1544683
145506
282362
625992
1528877
1195709
2237025
1444340
1983562
1513699
398328
1326314
1065711
2235420
1354596
2122829
1654445
2335936
463136
1686804
2611837
251541
2103785
1129041
491717
1954342
1131625
1645431
1740460
1973073
819102
656007
619068
1573259
587353
488388
2634079
1696864
2043181
2052762
868860
1883023
1625282
2646586
55848
695285
1566835
398887
1728164
1091338
534733
658416
478043
997377
1496347
2599147
1194132
357871
1768464
1327927
1283572
574851
259573
1728611
482597
405109
565773
1994798
1119328
694847
8160
2259293
1591688
1272653
741652
711152
1919910
2159347
556810
1081034
128102
1495648
1350340
176444
2393225
45245
435218
49940
1248067
2047307
2100727
1920229
1785036
198160
1980785
2101318
2646342
1853663
666057
1272552
1378361
1972757
84093
1311521
1916537
917122
2155978
628964
2336196
620143
438978
2138598
1127800
777125
2303352
837891
2562143
2456384
2152314
337102
534178
1620132
1936189
964866
2264847
843611
829228
325206
2484379
2324876
2212307
1330158
2207491
1176775
2525347
1349272
1569526
1657353
1191171
443447
2202513
1024711
1734586
834124
406176
2136729
692308
1642811
1245644
1994163
2568998
193096
1746236
2022639
2290988
233:
1491487
580109
1415249
1848775
1195895
346956
1221897
2331:
552183
1132550
382281
1432537
1233010
676741
1481102
758774
481326
772619
509754
1810322
2081380
720436
430088
2482283
292615
1475774
2568400
2247579
2056976
87333
1774332
324829
622835
2068727
1680845
201439
46529
849511
1009418
204663
2277570
149353
2331032
430600
380752
1580147
226632
2575962
2409553
1973088
174128
2339332
1830560
1589331
836701
1721378
400505
421492
2234263
2582247
1069088
312920
461561
1894300
2310672
1355300
1921786
612870
1355375
949893
1189650
1564326
1132200
2546057
2037454
2070904
2587253
226026
1679106
2332:
369430
900123
1022126
530893
2183737
699239
448594
1847533
545351
1241908
949077
1555503
1310782
555402
672583
1548706
18576
2617432
471774
192346
1047830
1549774
800617
1294041
995721
1192415
976979
1450558
2047147
2490744
764440
1015440
442151
1405323
1738666
2391243
2042132
2481992
147846
2475084
782316
1772740
1575860
664790
2260374
1994205
2639806
719645
602628
2120303
1740100
2041319
611758
1555426
1745173
1562023
2309420
1711497
1935517
1174324
990318
1933801
913572
1036278
528240
843398
1047623
2361867
1018515
1916602
2552970
1214759
2393468
1279198
1821132
1906710
2157302
1327633
1388478
414482
165254
542295
2408274
1287099
1103937
1870638
1592760
1425418
2298294
1295902
2479307
986093
2170989
1113266
1858890
2337228
66392
2348329
1922721
1493684
71733
1082930
2032031
248403
684590
274867
1237632
204921
940066
2445032
1510822
820543
1384362
2132060
1321788
1359776
467051
1863031
555248
197640
324154
1908891
2274465
846415
2538157
1056129
836224
2274807
1631513
793669
528772
13017
489741
2333:
1146509
1401862
2337795
174329
2087732
936428
414344
1425767
2317980
2050650
638314
972742
423507
789613
588724
1617051
711041
2334:
338945
2116932
1407688
882213
1475973
2335:
2132343
2079726
695937
666763
1001661
1354880
2113422
2368075
941320
1647899
2336:
910214
1207791
669796
2252513
1566166
2160017
559991
2337:
1009346
1345583
643324
531401
385781
2419258
2338:
963134
1169924
1456253
1660405
1494634
2179661
232956
464374
2536101
1428723
1039594
807738
1244978
1182133
1696995
428101
296094
253907
2519310
612068
2084601
361375
40249
2254863
2396709
781670
337202
2614273
1023351
453690
499666
2456770
770860
2590858
249526
1525615
1173267
1353938
1025022
634927
659007
2144516
1493810
609402
1656846
317636
2419494
826465
1803599
1654869
1296679
1056041
2180113
531218
796455
435392
2023084
2619645
1632787
173067
2254853
1297658
2518730
1417412
2580154
1714416
1447648
1238001
768437
1666367
2090369
1912004
825924
1181197
1348839
1215846
261509
2321759
560809
1989286
989621
1418126
1811452
2451802
1858079
1337878
635789
1477783
2205870
2441914
590760
1955049
885011
1947278
2300457
2426969
1702414
1619373
1824079
572990
18624
1285394
2544482
1570842
1425876
2253540
2492108
443926
2622229
1464088
1790119
2152310
2630854
1752442
1917146
2021127
2443115
156925