9996:
66828
1149582
336696
2462908
1589627
1720226
1194354
592532
1351081
80354
16792
481320
899431
570792
1619158
2571420
1817485
1206224
1553993
9997:
2179700
1347835
765578
2328701
9998:
1288730
2536567
1107317
9999:
1473765
9994:
912950
2276333
121524
2251347
1441619
9995:
824097
1913324
560942
2089193
937434
163546
1771303
486573
897464
2469808
826041
2326407
889725
1523998
1173459
1763537
85601
1451183
2579961
1137411
1626521
2140671
240851
1365671
2001195
250836
1131510
1427987
787968
2336219
1022395
1323070
239208
275498
1743988
126681
2529759
2238529
2090165
2219926
774958
793027
1404109
1740800
1378830
441178
1198298
247846
797049
1322867
202273
792817
2436032
2370866
1510947
1276114
2296244
1742919
301841
1211133
1384452
1582387
1293796
2556754
1841210
939970
1945118
2376038
2077668
105596
2495765
449537
2429248
1197904
651851
587879
1337310
1953492
2393202
902148
2468512
1619737
2499020
1507400
2387221
360581
1760325
2396222
2446386
9991:
963134
1262283
2043746
1289965
1892326
1498198
1297073
14131
758784
749504
2150534
1890915
1696663
1919807
257323
1546917
1380457
2407080
2334917
1026182
797225
1513218
2256602
587117
778486
2562627
1110258
1291195
1589177
83893
574447
80348
1167451
2310114
2413104
1259067
2304924
44185
1063164
2155260
2256573
337531
340875
1099984
2408597
320953
1787515
2489680
148448
2456969
1071254
384135
1454504
2286300
1720130
2463905
329777
1639751
1453713
2430907
9940:
1325924
558717
619823
1752827
2608074
2152285
1026776
216690
951147
1944893
788660
2611920
2648181
315080
2402367
2217986
1307743
855810
767218
541405
100228
1144551
659061
1869051
1301910
2438741
2078812
1054730
753434
1791484
2029602
1516379
143344
1706747
1764929
1294917
508196
1865214
655699
1683868
1676405
1170324
2104443
345102
1625495
621050
1502298
2164847
276662
1496158
727864
1969766
1742648
137878
1537943
74183
2548847
1133268
1790454
1568549
786082
1343296
2554092
600800
1601014
1317760
2480848
132244
752108
1162054
2160334
38412
46536
1766858
1987595
1747742
2596821
1819597
1962936
2451933
700135
345636
2071456
2545402
2136800
926926
499922
1375970
1539806
1605433
2466790
1950812
2446044
578427
217679
2197534
1099024
1287742
1734139
9941:
1821991
409966
2299744
9942:
90612
2014669
1603392
388535
1863710
2409506
9943:
944751
1023208
1282307
10037:
253214
612895
769764
396150
2555464
1988133
560277
1839686
2569369
1845071
1627613
948108
1316833
911710
10038:
885147
1144499
1411630
1069925
836219
1417121
461985
1148007
10039:
102104
1004:
910485
1970126
1557423
2148643
1520624
1231161
1590435
1913414
1535671
2412109
1096854
1233953
225310
184574
2598077
1835453
1116907
1418549
118064
1000266
233338
348207
849925
350505
2563972
158703
1501401
721577
1809784
1891207
288998
10040:
2417853
1207062
2487973
10041:
869522
61343
1325876
1786012
2387403
1595112
505035
181533
786031
1695980
60322
1837857
1690337
1102436
47942
1772519
1383323
2087310
299599
2472289
2493763
1634482
506757
2448355
2626214
1099321
482812
1312680
1011503
1674011
803169
10042:
86062
449288
1200637
826793
358207
2478232
1652074
738504
2349053
1359901
1936779
501007
640618
2075263
618643
1852416
2588589
1561
433300
1824896
927805
1302047
799952
1628424
42498
442949
214174
592214
821426
1928744
1583895
2222492
2289165
1693660
1177074
1857643
780937
763194
18335
1207292
864349
1848920
1663166
1073838
1729740
2184817
435239
1586124
367549
1504619
2121851
1311522
1158233
1786012
1813345
1725691
235364
2011360
1219488
1304553
1081209
355734
1207654
1554383
1552853
918917
1361045
1349810
1678227
2147040
2000309
1993790
1117935
157714
1648860
1236919
1785115
1667218
1983122
2113817
1019547
826291
392760
277127
224519
2178014
1756743
966437
2426972
2410757
72630
415554
1421967
1330313
1588401
1101658
559674
2635311
1303129
2429347
825911
2365447
664298
1077278
1849693
1856770
1195825
1244852
1489868
1294368
977299
2582290
1681172
428062
602626
2603832
7766
2427774
1605305
392602
1408842
1546331
571530
658627
1411717
2060760
997695
1772203
136341
1255980
1406374
1244512
664419
1285139
1124097
183462
2158577
39518
123923
1115357
1950649
1055743
759913
2176148
1900271
2561288
1648015
1878820
2490806
2450398
340411
1829200
2420556
135158
2602447
510657
2568440
860456
2409399
2482520
1555238
2338393
2034961
2421856
2483895
1738659
1016514
648196
1464896
3521
1427855
2162416
480507
605806
1582589
2260949
126913
1462261
1501345
1818803
2531096
2162935
1249250
1165360
706887
1213808
1931370
2571652
936928
2465115
1293776
2063559
1594234
1521559
1302357
1929636
1570293
1236841
1645365
278603
1575191
1553813
793065
52189
365149
1287583
972752
2523359
1625264
1055810
1053673
2588945
317437
1819410
1933557
1624788
780973
1823605
2522864
582720
109760
2166670
2136527
2498038
1343496
208264
2228961
1743516
569551
2198877
2244219
1135675
1808448
1036933
1648727
1493909
763919
1377376
113283
2103203
350940
55480
573087
1863195
1268644
1818373
639330
2444942
1959768
402940
276644
2566670
1595082
618895
847600
1737562
2306124
2172898
2132469
2338966
312508
671859
2270326
1039740
411152
2249254
1492074
1023326
664256
2171578
1995060
1028345
578830
1082955
116977
1097029
1543693
2623937
931718
2524430
1116457
1838796
1661807
2166373
1519036
973661
551679
1039680
827712
417124
2346483
42318
1712565
1867253
818856
159934
1619493
2344760
1368605
355145
1598894
1486764
2304981
292258
1420468
2573652
2162543
429190
1818401
138064
1507820
1384977
1882731
823838
96722
2174770
533720
1248655
245303
1392109
2224280
2206144
2191211
1857745
2036644
1093116
348805
1252628
295633
222099
1585818
1846238
1891654
1371746
2126325
1874942
2088365
473956
2352245
1084427
2621148
118538
1756093
2090086
1538823
2639268
2287172
1683784
1529511
1149851
1381957
1316391
2176281
1968900
22601
2448196
1442411
1926334
1298111
2575043
294682
2082092
710030
1070065
2075183
2644901
312211
2340041
2426516
2049285
786420
2354891
1582028
2391518
1691088
1842969
1992363
739018
1700387
2138553
2562504
896747
1965448
2414774
774877
1862369
256499
1526753
1322407
493407
181582
1349128
66894
1915074
10044
2246937
372787
1095830
997960
1913378
1166011
2458049
1441831
2164887
2621082
1382836
162753
800145
508727
1937981
222333
1624040
1310028
745039
2166473
1111762
1006456
2378211
1663338
2428228
1860465
637958
1443724
2519453
435157
1597816
2266623
732802
2207228
2320873
914857
822956
1869720
19534
601966
2016115
2056799
954656
2484300
1221673
1154815
1233495
2174615
1152899
1329179
994894
1746493
1504708
2610750
1387120
2506300
2126942
427637
1531823
2609002
1941232
1860386
1693021
1227734
2583938
1647980
1593278
2198713
1665375
350839
1605801
1019149
1576336
2373735
1739377
425953
1202106
133101
2328661
906985
624733
83805
2073663
2082786
2380160
1005584
319250
779887
1034379
1435637
460540
1145793
1457053
2517184
1783909
764659
177646
2109572
1460379
1822764
1126179
102451
306130
2481821
1650395
1595895
200147
989696
308798
2478700
874887
1057675
51049
1490653
1219200
2384176
580058
2465985
1894354
346750
1770017
748664
2608024
1838411
1472853
2436848
2310036
792857
555123
409621
389183
1747641
2508315
1825107
2386027
2319476
1229941
1929359
1889550
1270747
836219
587070
886780
632633
1991078
1121007
8169
389419
839344
2014151
1212380
1937443
1557284
1697504
537147
135015
575716
1825204
1113423
235666
622634
1964770
292526
745471
2329488
1210584
2328842
2089117
403322
1496394
2402345
896521
1882574
115631
2082102
2578535
946605
925050
868648
151106
882246
557729
2357555
2551673
365214
136368
2642466
989629
1182445
1450570
1276979
2013806
658685
2356480
817008
924727
8092
1047833
767017
604042
2644973
659730
1623969
1522395
2056003
2626093
2499841
767701
695747
101137
623868
597245
505651
844638
1633749
241785
2457361
2459146
2165664
2340925
33771
452955
1452581
1247427
2004273
258266
1013608
1501998
1094319
737036
2077649
1520122
1703700
2646469
2383161
1658366
1552674
1689524
318829
1384467
585344
2138445
545822
1331750
1966789
727461
1139081
1360249
528277
2044027
2253265
860927
117293
79447
187518
120454
1185359
2289046
1033612
702625
541917
2029954
723613
247386
2342652
1495389
2223771
2159398
323838
1947574
1667322
1206394
645655
2357186
2267376
1292687
2155386
2293172
670517
2547289
1118042
2342489
382105
1729693
987437
1209681
1652220
2022482
1702328
1353383
49943
2012677
1133449
1622444
68197
127851
2410691
622755
1243693
1575870
1019582
147701
2407792
2395730
285713
2239486
420500
1386369
514932
1313601
1049502
23803
2102387
2343253
830599
1354042
1817991
838656
1944008
1083261
2430768
1241598
770598
2123985
1323857
1271387
1391737
2076144
376617
150344
485811
1892620
1438395
616247
879408
524762
75436
1660746
896185
1855318
1568122
1749501
1748093
2202995
47541
753618
2093714
2169244
1753788
2019369
2154522
909921
792199
2393691
622800
1749443
1063941
1055707
2433557
1012788
2394417
10043:
834820
852886
2204494
774717
1406050
2317868
202667
1728377
2048837
1103080
510319
2314914
2460018
969342
2596709
1267391
473246
2196025
13407
2057736
2488192
2389901
600986
10232:
2112269
330156
10233:
2317669
1428517
20527
1557699
1859771
10234:
1673904
1057513
1406461
1510783
465885
1448336
864495
1336052
1221163
5017
10235:
2039738
1622934
10236:
429882
446309
1892028
2021740
2399595
1053276
503179
2549503
213704
1212023
1007176
372757
2191876
1946263
431869
163797
2531642
2237666
534766
2234134
833015
2540225
32307
2155629
10248:
1693988
10249:
2230269
308873
2599758
683401
1025:
67944
2036114
2392187
1458368
499832
1421591
2489440
1167151
2484792
1699301
683124
2392770
2507505
1900351
111070
2276
2435187
252119
940141
102051
2031453
246216
10250:
1612493
1842245
1600669
2595572
2477149
2615629
2312285
609158
10251:
564148
2300862
2504304
627172
840333
1074904
2032123
120762
1329746
2285511
2232677
2551956
1956058
420353
2352289
1746205
1099813
858902
2205636
71833
19832
7257
1425839
330277
997631
139006
103761
626602
2375933
779253
1598307
759129
2473291
2173296
968636
2341353
1210124
1604027
469118
2021849
10253:
1558312
2259898
2302066
604551
1156358
494455
1087412
1983219
775438
2030901
1370843
99613
1863329
1332933
712445
416107
2179210
1965323
2072111
1264657
2412566
450048
1631846
813659
2416329
2137450
2547515
945595
2119095
1285308
2194664
2492979
1357018
2307786
1529820
2479500
473062
1255448
1043396
76832
2408694
2178923
2058200
2244163
613973
2537717
1371647
265301
42313
1687201
1139749
432383
166313
74477
10254:
181725
2235489
520465
195728
978057
1324539
2557544
607470
1435335
2577522
1219822
687575
2489466
2600762
1417474
494494
893398
579549
2296307
256696
1596412
14976
1681614
1319605
1437433
1642347
1101916
1955660
1720402
565401
1819629
383679
874760
2574617
2216264
333717
330482
2035004
135161
1664393
1502270
831839
2250663
2542163
281727
358729
2593255
1503534
2391200
1599368
1077103
1477154
12138
2398013
2268152
1380641
360324
1635029
1817059
2072276
1275089
265266
1820515
739294
1372409
1851578
1987336
186826
2546819
509009
2095882
2050056
10255:
1053933
420780
2569646
776377
1768143
362343
1870008
1519723
554186
1976079
2613147
1939822
2141380
2459178
1806782
1924616
1085942
1545603
1840254
2298501
5323
1192903
373278
1988671
567007
803741
1724250
972552
2510560
1881469
2408176
1529742
1253198
562109
130567
1484022
2440372
1045490
2448531
1231654
8934
1185909
2091822
1086084
168952
2009384
2281678
2084957
1290564
303834
611118
605707
2000315
1700405
8441
446493
640025
2248484
85287
1884948
2350962
2112912
998790
1938891
1753242
1366528
344205
1898077
824315
887873
1972872
2372175
1855093
1502270
63936
1120209
2463649
2125024
1617427
1770414
1638965
820095
1117018
49799
1006853
1744432
1460874
633671
673645
1183489
907255
1240715
2199018
1573839
1721785
788056
2216699
1600966
547558
2259913
682965
591555
858202
2051691
43266
698753
953566
2290219
1381428
1720476
1060100
207840
2157455
10256:
1841928
646784
1187749
114590
576830
1782847
1083600
2124359
2271505
10257:
1414572
1496242
1741962
2354601
1959784
2158968
959842
10259:
2555272
980115
1307065
2113996
2281427
2463655
1666920
717313
952819
2325139
1351317
143408
412791
1075960
415195
1699826
1212909
1069070
913566
1214744
504981
1660316
1741646
1002724
249798
2010813
972475
608149
2147617
1801383
1288744
2408698
2184030
1893668
1163386
2213194
1000412
2335429
2520877
520675
1026:
195774
2310614
2125456
782444
700722
2358113
289489
2146486
1889273
1097748
366279
1919493
1678460
625166
2027442
2053715
2238940
825779
1812666
968251
2001119
592734
1496127
679243
1754001
931028
239569
1490883
957673
496261
1773265
2291451
1900285
259299
973809
1042784
1925090
207892
1224482
2152305
939846
2205902
1808876
1483684
143638
676959
1301030
2500870
654810
2485957
1117957
188964
1611709
212143
2222062
2552970
33089
1027371
261906
1568450
745163
89454
1186303
944990
1670801
2113886
2470321
1013742
341806
1341120
2359796
1630163
1696440
2579531
1921466
1043337
2603342
1072585
1251910
1950876
373395
552962
2029153
622702
1764096
1806598
843312
901705
1314611
1743395
684582
532521
9320
1005100
930855
2046391
2226455
288161
1919713
624892
549912
1002870
982225
1413886
10260:
2003483
788949
10261:
1820960
988602
1605584
1429376
122839
1704943
1929361
10262:
1744174
275652
2443863
10263:
1332285
186848
294894
2562398
1257571
10265:
1429495
787569
2262753
885855
279248
1741065
948457
10266:
474757
2603949
1339307
2121902
901993
1829655
10267:
289489
1820929
2340591
1613830
1755695
229716
66216
1327355
10268:
1883719
2465197
274051
2066822
1300500
60346
10269:
1182560
1027:
1055834
876883
733657
471879
688206
2597480
125559
220482
341664
90132
2242989
1332989
955178
1502565
2488910
936993
1504387
992937
1126860
779824
327691
1884882
807514
1412158
148550
2286123
1899676
629753
1777405
310211
2428311
104234
1063042
2226756
1282332
1702069
821292
1866519
1974287
1652439
655559
581517
672579
2025073
2361064
1449655
2347593
902139
397608
1021865
1677491
916583
754636
2503307
1398656
2105253
1776373
2370879
583628
1265703
1963329
612296
1167629
2440488
2107589
1927208
1995368
2120435
1951430
1012733
1710698
339373
1415902
1417991
1834613
1654789
2398703
361304
256703
2462541
449981
2493928
420318
866114
1850422
888306
1028643
983660
1806342
248112
840838
176880
1237067
1788959
720470
2222341
217929
1183261
319899
1706355
754605
638231
524163
1504052
885843
2083368
1265746
2026021
46716
2416370
395961
7945
1330780
79591
1674299
944205
1455583
2625962
882611
185405
2303338
1294252
14821
2429050
1384818
2326769
2173377
367158
976263
182317
848481
2452372
2058482
1330415
644670
438520
1517632
2505902
1037012
852711
2216520
44297
357060
756359
842185
24189
1333516
1516795
1116930
2141312
2640895
1729342
1058365
1362346
2057548
1694365
1273299
245825
1767363
2474196
371870
1042926
1598851
671894
149132
1792512
2117055
9388
1980213
1270773
528460
863956
805366
2518308
2599940
2015233
1970691
1657469
1801739
193469
607350
559893
733070
44112
500657
2088632
961642
1168458
598754
2365946
2443232
1809362
60137
2124065
1482116
500793
1516457
229634
1293154
1444232
2172303
2448705
1494408
1602576
1863536
524677
57657
369157
2256146
2013530
386749
1426592
231712
1317773
1270996
1504990
897590
953663
529832
1501653
140737
1209178
1396363
