2196:
99465
2646016
1862255
2395334
425184
1805277
2197:
921199
2198:
1612484
706372
2354000
2199:
2209992
592114
1764105
1072149
1516580
428808
2439723
2229403
1029691
1750621
1889384
451398
81420
131550
930575
677066
772825
2616485
797013
1432790
160562
425238
1982462
1889712
1898263
1069683
1273191
489015
26223
2304475
22:
2275708
370642
2414681
2288057
220:
1134937
127579
1309456
2226380
594494
54135
2200:
1132479
1948325
365333
1145226
466513
2484367
2442056
2565486
919276
1242460
1855629
1095733
1753725
2425351
569745
1798819
748772
603462
1436887
1755713
294387
2093040
1742686
535157
2440077
529838
1149848
1542522
1884982
2269830
2138036
980004
1760756
487305
2529525
1662269
1480427
1737662
1407713
1233429
1353
1578915
704606
1665336
1054163
1896649
2416488
957561
1370640
1677035
642386
346249
709680
1136926
354662
531744
1842445
2002711
1061525
1084231
1867296
2231027
1020636
2167923
2097934
140274
2438064
327884
1298461
1114405
744135
1258445
2510983
648969
1922644
1968210
1089038
298836
2468339
1788816
1987886
2010007
961203
1853306
1114271
2160402
204254
2531699
2048802
689700
2456186
2306282
130419
713157
172742
1827490
1396403
1151033
813657
3842
1750626
1180092
1581982
1493953
2286891
2228305
403984
736708
1795065
2086813
1685862
2146902
431670
1812285
942350
1983873
1913569
2025453
2166706
2085000
2575490
570826
677972
584487
1569769
1106995
2642254
766063
902685
1475302
2365969
597161
1377071
1676762
219419
2153497
416081
429080
1676701
1069109
2273977
2309478
329477
2629502
621607
2645115
1431563
224417
647783
2114393
2036746
2353617
2555257
721617
2100332
589476
1445657
835803
2111871
1176412
251468
1502565
1197998
1047035
2064527
817917
2074237
933356
2013536
1154262
1127267
2586304
2382503
1057023
394681
1559007
1262296
702423
1549669
86594
2648244
2206053
1754765
1971700
1910409
1559995
514653
661665
270127
1596088
411894
1207723
534480
1137302
249634
2397266
151657
1327891
1595939
443798
105672
1909738
695650
1709417
1698604
994794
792095
2215506
75892
2216726
2141861
2387582
1210710
1243297
1099186
1316046
651657
2112937
2267057
594136
2527637
446244
1692025
2130991
2173814
1823728
590295
241838
2643392
991709
736824
868331
1717200
412891
1247413
2449582
1754961
300490
1236824
1848200
1479859
390216
1177124
189188
541501
1785289
1550622
1695428
333876
278350
96611
1658581
1649953
553656
2032208
2084268
1128006
596861
1699282
1384932
1676281
508859
2462995
19346
386620
777800
2475320
768783
445465
860534
771296
1865642
918033
1984535
2501645
1369050
1732688
2008099
2431588
1226177
1373992
2469934
945842
246708
1630217
236270
2471980
1598589
2321583
2076884
691287
119401
2643548
781476
805789
432941
2524695
2099851
596265
2572570
1037381
1061324
1586927
614104
2343482
1353261
210922
1977826
1450001
575400
289174
1502254
1331613
992139
2631862
192856
1724293
101223
697584
213214
1552247
1072432
1451328
2383666
912304
1974548
1683930
266263
922781
1077461
992715
1282505
1390957
1978237
2076914
977718
1829908
996787
1976679
1097270
1281237
1958778
2249308
1075612
1103932
1119735
1507288
1226196
1335991
1823591
306811
17021
1146452
151044
2481228
963973
2217783
1472545
1734930
284696
2106963
1500908
1338088
2543785
631326
2270360
383548
861290
2359670
481430
1682929
809973
839171
2123496
2248396
1054173
1730749
639156
274186
1257378
1435918
990383
606955
1699258
2292226
1478827
46570
100335
102669
1779482
2091681
2136893
1824965
576994
1604010
262582
311291
2614989
2216131
1537948
1118491
495326
641981
315066
1882761
947025
1599677
1214299
1251127
1804196
1713538
2366304
968110
189308
412912
1053577
581223
1204345
1743881
1617530
2162479
1781360
1402578
480990
666664
1389190
2459582
1078304
1334081
1515820
1093343
2266604
997237
2646784
917687
801913
978711
1994114
156728
2552883
2180807
1502009
576347
886420
775211
1838521
1610675
1923443
334884
2278671
2556944
1853532
1268997
2109622
2500019
892162
777465
511547
155814
1507973
2250857
1283010
1263197
1156992
1420642
1978309
1696626
1754135
1939389
799027
2452141
125716
1384287
1523492
1759082
267809
1448129
1902938
2600894
1154612
2002445
1936057
2324247
2376234
185580
1128678
63967
194693
821291
1038829
177533
1898068
506957
931405
1080480
2629752
2000000
597197
1517810
1659929
1182975
2613709
2002235
978365
616633
1178847
935860
660843
1914876
422614
990979
492392
2491135
1861082
625953
1528668
540468
733203
639657
794352
1783444
360015
317368
1263968
1115848
509801
740981
2049513
549976
1307216
531518
1980787
2500695
2156728
1436604
1804251
1382751
1706845
499690
1032073
387962
1501560
1324729
925107
1817182
1707789
1644226
1536569
946961
1580322
2321861
410322
1284304
1022880
1291665
1989408
1060208
25771
1059509
1235981
631009
451268
1904339
449126
2400153
2617910
2040188
71895
710635
2084082
1689818
1136209
2541542
888581
1497339
1541443
1559070
111393
415426
297720
484773
1239654
1528417
2301335
25377
1292548
23811
1367158
2262234
1417254
207988
249986
1697118
1132841
1710062
612910
334796
775994
1405973
816957
804270
282470
2043249
2092735
2571861
648901
1076136
2383343
2046606
1074322
1864993
1786154
728520
1863876
72482
473283
2065917
1098764
465051
1027588
618235
96183
950789
1302057
2492273
1883082
1656078
2600966
2275220
666214
70089
139017
1300094
1996887
1510133
1837606
967820
1128782
1323894
388885
1933239
1566124
1222479
899407
2155372
636718
1453316
1638492
2474434
2309824
173918
2148705
4752
1342971
387063
176673
71995
940259
2154497
2619519
1300224
1655106
1521662
1601026
766022
906734
1928781
1362606
2356637
1954030
1452961
406814
1493529
929140
1250093
2187003
896712
640760
1101206
1337890
579906
1979427
2174294
1449456
713951
1632741
1932388
1776745
620345
2057882
2492844
2507012
263954
512247
15137
1014262
242476
575607
1788981
357518
238402
238738
225517
754519
1064325
750530
149222
1245351
2120739
2201:
273118
2202:
436636
2506903
1365731
1681118
2367740
1722830
1505635
469947
2504976
2209:
1511061
2380998
2622262
2147817
1916164
79519
1614527
1463488
1174868
1486496
1596099
2136965
133240
2119104
852887
1350103
292617
969636
1405996
1984789
810718
1099543
1605672
2248740
1665333
1686792
2436788
380500
2266645
467720
1393812
85877
1455082
1662860
1160255
2085499
1555689
760176
2359959
543597
2571477
384217
186575
2224918
1473286
1993011
2555325
2087767
1680312
460608
55252
410312
659377
1311752
33095
1381395
2082228
2609942
2434157
2008099
2130660
2253149
2390381
2541696
599550
264423
2316446
340264
760250
1415526
854915
306809
2427900
2516911
1868740
559594
2106963
1646762
1955103
1557159
1087650
2030530
2326716
2365729
2646139
2155935
660171
2176216
485448
1778386
1448116
2573601
892162
828452
508990
2587812
1097184
2090011
2133043
405527
2438136
198936
1026705
1965915
1333317
900312
886162
1284018
1189853
1497889
678320
1525099
2222904
2223414
771623
719418
2523110
1493418
1057940
1531714
897423
2541428
1144870
1910072
2413766
1105134
2572086
2619396
730445
1717881
2617507
1992168
2570342
1210527
2574603
392883
668518
1095646
1210196
1520733
287967
2009965
629671
1802425
50901
872160
859685
637671
76223
1846341
1832286
1480055
89626
2272646
1864790
2195881
868458
599762
1975825
697995
1518686
1839968
1362403
767295
1740895
1323819
241909
497674
1866756
586468
545275
1701687
1502212
1178966
1125979
652378
846221
782413
2324946
609049
1038838
1306605
694872
2077232
2060176
2516267
1555214
1716308
1479933
1441589
21691
1894201
478207
2093597
2056360
2152932
565078
1604836
1622110
885258
151479
2221481
1513947
852295
1050406
474904
1265479
1925896
299274
865660
1833149
2114170
1612717
1373690
2102413
1353296
308767
1885959
74025
28135
2343967
562555
1177880
1431866
1292669
938812
196020
361148
198887
1642922
247
2387024
1574840
283606
730174
490457
1539167
1597102
900416
1524845
642583
435686
2411655
2459559
964343
2069743
1269285
707682
793597
1688062
746551
2430416
1733802
1487954
437366
2120609
1448796
1180349
1151542
2529456
1803179
2358114
2294537
2595323
1543923
187803
2008590
2090037
1761040
199993
321752
2464508
2333939
994059
16935
509304
1293112
2078281
779002
2515408
1569912
2522734
1607526
2108258
1015195
323731
1479227
2525299
945819
680630
1061520
1953710
2284668
1356414
1889717
1230065
72986
596684
863523
1493256
2553195
1234177
1967973
2321243
43817
811015
803440
1117149
74448
1352829
650158
2310051
850488
152309
1518608
1853106
2251189
1509196
89157
2284580
1084898
66451
1871278
1951715
1957155
1701039
1391213
1760955
225583
2574229
2587071
1992505
1707879
1126328
142504
1658378
427318
516216
2128375
2282493
73046
1825654
978011
2004316
186762
32335
2333099
15530
1918481
420262
1857683
2509413
678658
1698751
318080
2282941
1916203
191468
1658496
2411102
2556467
2146504
305264
1591713
439797
2087106
2057845
1348944
450713
1347505
1760319
1517800
641817
150994
309992
1336366
1081502
2165255
1028705
1715627
1679274
670550
1385809
1058573
967330
69907
259812
1096122
1010625
889214
2209935
1507958
2449026
1226346
2392748
1707912
2307363
2469:
1329823
2396967
299436
1531951
1638433
2516307
1051142
1469000
404813
2608169
1709607
247:
667473
2435158
1358934
305039
1242266
1097275
926355
1022657
1331316
428550
2264244
2619260
2085644
1278786
964025
866887
2532417
1452560
783545
904009
1503263
960208
538775
549419
348301
2280102
2470:
2264887
677586
1983654
1713660
243943
773712
2564761
416956
1874115
2642459
1889473
1763570
712658
2116219
1408019
338257
2549268
1761972
440507
727375
1948859
731045
1058304
1483976
1181095
913107
347323
1676575
1413533
873256
1954138
1687301
886649
1343818
858289
921220
915066
960634
1730933
2415547
307876
1432564
875206
1492735
2508299
341309
66902
50356
645575
593100
61019
2237005
1201845
1874989
264091
1410721
1017224
211775
1874444
644724
408594
1446003
810662
466687
920107
2495254
1042615
1506995
2571032
807113
1446541
478435
2460888
2135123
1661592
547095
858891
925257
1781692
224843
2584528
1354336
1574875
2522672
2544124
2035790
2440852
854154
501714
1531371
1135561
2611298
865660
958121
1340529
1535203
830051
780973
1412245
1180738
2115721
1291629
1100810
778309
1652561
2646869
1993643
2090713
1334678
2520738
155190
2441636
1841874
99195
1612799
1098817
270600
302374
1709016
856391
2402961
470760
1315788
1306673
1515233
1655790
1862017
751657
2176702
787136
1582773
237680
1404466
1766324
1137456
1444098
113812
2339399
1004962
1839469
1550754
1805187
1253761
590371
2641316
281834
871958
2563809
1391274
219414
240400
664038
1669097
206384
287196
1006873
2551127
1330245
2277053
645006
1106146
2226348
2538973
2386376
1828272
2236071
1355330
1050912
903054
1887081
2048139
1673641
1192432
913151
2407299
2195774
905820
1408763
2327478
1807946
222452
894826
874974
1227762
2418647
1492244
1285755
5055:
1912613
1052739
313340
1887879
866900
1372148
1997270
191172
1351006
1473785
154061
380467
1624280
179364
449359
719862
902434
196580
2644772
1749735
1223622
2642134
621720
1575459
2028895
728740
1201117
2364063
659100
974224
2542387
1538044
919688
1312316
38116
447156
11390
839246
41094
574493
1970356
1050072
2043675
2316404
527151
798417
223847
1649045
1315765
1392053
207904
1575334
1017223
1364327
1314655
1594131
1240793
1802235
2389627
2190571
2220924
1499380
79083
880208
843448
2438585
2223864
1303722
1446170
1715562
2175400
294299
2068508
862410
1653496
590062
545842
197002
2049567
1664863
2370329
2436659
2052068
1391373
2038845
97459
142277
91178
29217
897980
174836
2470562
178883
980769
600115
1652867
1270807
1717933
2500277
2576716
2048831
559514
2112564
2278909
260589
2583106
2619734
2107739
496831
2044934
1996735
1604876
1231980
724256
816110
1616507
2561151
1959870
100668
519879
1615335
1881317
2173191
784475
2316780
2488484
1111436
1603401
363507
430005
724097
1189930
2104334
2497133
2164117
2369110
212263
2646648
962748
2578756
1229586
588535
2394762
2258721
2411118
489104
104917
1776132
269817
1731549
1773349
335358
1075909
1323419
1257014
2360821
1571514
893732
833998
1269835
2147353
1913036
2131820
913536
250442
1933714
1155061
996829
1873779
1836341
938552
222219
1279478
1818385
1152911
2171203
2317074
1014828
1019136
2310968
1604392
2369824
1851057
394484
612107
1313068
769343
2200214
1293746
264754
78169
268454
78741
1592794
2295608
1428931
675690
1412536
2640878
1010087
2310565
1320153
489136
876490
1189303
105884
2282670
1187087
378028
1002923
1930775
1083190
1489538
630952
1749330
1065186
2628573
2426530
313362
2067788
2121042
5056:
989293
1570805
954927
1917856
1977601
1926221
356105
2006132
326164
548422
2558080
1581516
792873
511438
2151157
2189095
88975
2296095
1425054
435856
1404539
2300665
971086
529963
1969743
2033537
1998852
883372
659275
1280216
2010368
1785726
2570929
2221555
33927
1911890
1662010
1457096
536316
1000622
813180
1717052
299883
1820489
464919
1260622
1127399
1414399
2005498
94633
1038894
1077477
1230065
1053141
928887
1924968
750224
2006005
399967
2602122
1860640
2369577
751107
763656
539930
1947137
2437864
2241958
2601343
1532089
1541592
1013243
251530
2074168
1961606
434751
2096985
2516288
418321
1463134
88731
1681228
1137374
2001138
2153052
208871
648578
731963
1036068
351650
2308244
979056
2216330
1158779
2455463
2110198
885503
2221194
251265
1674491
343722
2389324
2281801
1579368
1102541
1488607
699827
547064
1312695
1866094
2597760
670148
1191468
964214
691283
904943
1603259
1175147
2263205
643877
965269
2218335
1819822
1877626
2086270
2208362
1317162
762262
1910084
392058
2013918
2313873
1243383
1583695
1893546
11408
2416593
1337196
682616
1288000
1378998
2559259
1021027
523260
243224
1487323
1658458
243800
1463492
653542
525518
491288
35638
5057:
46291
643308
2386606
1896192
1645614
412910
5058:
1789551
1508073
79510
736703
331521
1256160
959318
395601
52203
302335
2037510
186179
203762
628579
1928089
2248255
795050
374814
1547988
2590916
2479805
777400
2403819
1289642
432110
1784170
1561314
782498
359339
1984346
2565103
1113347
1627559
2289831
1977646
1801420
954220
395001
1548188
1880342
499786
82435
525926
36661
1875259
2596369
1908858
2273767
1900003
73563
628588
826140
878576
1090311
252171
415826
2350982
1554333
2600597
613264
1407182
895658
1826290
787677
371518
2182504
1749443
5059:
1763387
751312
843413
1329144
555395
691983
10906
2025340
625128
1163960
474160
789239
1749317
1191290
2550628
966712
1905695
1886585
2450942
872268
2129231
1474466
2408827
18091
2251695
1732307
506:
1686237
1377588
5060:
1389535
1431710
973314
574200
1398748
246649
502007
5061:
1730099
1428651
2267799
1212562
391590
1682180
1385190
784610
434569
1770644
335580
2101995
767891
1413678
1843474
2508052
5063:
1945752
97786
1007639
940264
2424492
90498
2336358
2378630
2426422
1951202
262236
22312
2260709
2620210
1531691
1500223
2449788
1717494
428836
450048
2507406
1568841
261781
122057
478932
383679
1680398
2277058
1677782
564293
946629
1421110
2465409
1400049
264313
2564220
2371665
1135606
144836
1039862
5064:
979626
950515
1351377
2477414
620771
1197267
468759
1379761
1233023
1135217
429787
1150697
2548549
182414
2421777
834873
1620019
1705377
1459751
371897
234319
1652160
1669563
314526
1005679
1683087
919774
1486470
111779
1917508
706665
1332355
624535
2376747
1005330
2416180
421684
1193417
1282193
