13:
615010
1860468
2131832
26:
708416
944388
1535446
498182
777488
2417170
1475038
1151006
2228000
340002
977446
661502
678196
617782
758080
542278
1195594
2185548
2601078
1632356
39:
877184
1013648
445328
195428
618186
28588
1293358
1836784
2040274
551780
52:
840136
1431048
183716
763920
241948
837924
1574534
317480
1613358
930864
985906
2020404
2071774
1686334
789824
1484996
1012552
1653066
229712
2641490
65:
2564546
1973578
932186
78:
453376
867406
2190466
21522
1464600
817028
1029150
2475552
1039394
486278
1442088
294460
1908546
1126222
1401016
1447312
149862
1782890
2070124
1831034
91:
40545
2065442
1445444
950088
165516
966156
1283426
1124974
1562946
1804724
1684118
1634298
97:
962189
2239490
2119172
719878
1029128
1456150
2606108
246302
1331232
45062
2583078
1039452
2398258
1321012
1231198
2166844
1802816
712774
2013256
2612298
104:
2511489
1746438
1789708
2511762
1132948
619694
539036
1933986
1072294
1375660
354418
47150
455752
1576380
1216574
1264320
2190660
765640
1343562
1575462
117:
553216
1342944
600986
1645664
32814
1682608
489910
2558074
143:
563210
1632276
1161238
1889626
1382430
131104
434214
1466716
649264
1910844
2392074
1265726
2643296
989268
518236
1005664
1040482
718950
1724520
1825468
156:
1870082
1199364
461910
2079370
1127944
834860
853778
1602112
953092
2216730
1536796
1677856
2511906
2089764
1223550
618534
2202668
1474350
1170992
1461988
169:
1891282
37242
930690
182:
336849
2442340
194:
1832770
1483654
1313710
757628
1765506
195:
1134084
1488902
147082
1488844
1350352
48788
2060506
1541604
1559022
2226416
1850680
1210364
208:
900096
2112928
2150982
888200
1506414
18830
549652
1998382
764574
706848
951906
2150956
14254
621640
329970
770228
818784
221:
451776
743314
2259430
130280
497004
768462
234:
2029758
247:
1022657
1278786
2435158
428550
2085644
1452560
1358934
1242266
960208
2280102
2264244
1331316
2619260
260:
1887681
706562
2582116
273:
1937412
450570
1617936
65554
1056792
2498586
2068510
286752
1310756
1380400
1417286
1142862
1449978
2220116
1548374
1157818
995426
925796
1908844
655378
286:
970976
207240
291:
820576
299:
2273283
1126406
1421326
2437148
1888300
2154544
2072626
1216568
2580538
462912
61510
2416712
1941578
1429580
2557282
2183248
2256978
933972
26638
606296
312:
995895
2422790
1165322
624654
1687568
1701906
65560
1181722
2111542
920976
232112
1945634
1771526
2056230
1628202
49196
41006
2555952
2156594
75830
325:
1065472
1587458
881178
243748
2164262
1856042
2581426
940338
2068024
328506
2444094
2190400
2385222
1012552
1060428
707810
2169428
288342
2436444
2636126
338:
1232194
279236
1825014
303558
605128
420332
562960
242002
298900
1866912
102380
543186
1814190
508662
1154874
351:
984992
594870
1901694
364:
271120
1955586
1475258
557914
377:
2399169
388:
1409097
193414
1343374
390:
565120
2493320
1837258
255756
670478
1419194
1777170
2620360
424920
1619994
2418782
269408
1923234
1810278
1557606
775400
1426364
2290458
548680
295090
403:
1788259
1358
672102
416:
2603520
835840
2466818
1932804
275976
1471498
1061902
752146
1239582
431648
1066018
2258470
66096
1515784
1917490
77728
1145912
1896628
1732666
2207292
429:
1975681
678340
867462
305482
2609870
1007768
1557084
2127518
861856
1456548
1616550
1239464
555388
1698720
1621616
400116
147760
2605962
442:
846848
1602566
20490
2247692
133138
2570264
862234
2501660
494622
223264
2202658
2334726
1009704
1917994
2306096
1941554
11318
625720
596148
202814
455:
2266752
1793474
1494858
1064066
2218064
362008
1086016
12770
1673188
586214
755366
2154672
1489080
731902
468:
724992
843780
1126406
2154508
286736
1155106
1953798
2162730
348204
1871918
2609214
815176
1355850
2441296
503892
2519130
1581150
1564770
1744996
905318
481:
1807417
1856994
786548
2338234
2506286
485:
2167362
608196
400782
1324752
2320998
1643624
1545068
2222510
1601522
1540724
1671418
968784
494:
898049
177154
1271812
1814870
2066446
2648084
237590
2631704
1972798
23580
1361952
1035298
1666084
219174
819240
823644
2071594
2434096
2299742
1774452
507:
150017
2406338
1384836
1483654
2352008
2545226
52876
1316098
2356368
2238166
76184
2050588
1451106
1073382
2071594
1324402
830262
83256
2243962
439614
520:
1791328
507498
1230638
1272146
569082
1417084
533:
509952
1863442
2205614
80412
330020
2523948
2636344
310588
1138496
1694018
2216790
228194
1423988
135030
1477752
965756
2642582
2112452
1457828
1889702
546:
1939232
923586
703304
1681002
1834734
838702
1589238
30360
2044444
559:
712991
572:
2596744
803214
582:
390112
725680
540036
439670
586832
1102924
455024
358994
361918
2068022
811704
1164612
236634
703472
585:
2496384
1007364
310792
1524620
873116
354978
1357994
919728
929208
2646580
1211706
854204
2041918
1909696
1495106
1232712
912396
1702858
254242
1104128
598:
2129475
2026404
2643816
1790478
2458106
1406844
611:
1195099
1447172
624:
2458113
497366
425990
203282
2475028
2072858
2224158
404768
1576482
1605924
2083390
2281796
1761864
993356
2445136
1407062
1246558
416864
454512
644468
637:
1738635
650568
1735438
46034
2305174
2440474
1172680
1393498
1066248
577314
248548
2578386
2584052
353214
650:
391201
1648998
2583960
1226844
1047304
663:
1753259
74630
1594764
2500114
931488
556324
1266342
2192168
712100
211248
943538
37300
2618168
1900576
1624770
1223114
2452816
2219730
1521106
2291170
676:
1767938
2201286
250374
347202
1670478
1488400
21202
1331862
828826
985628
1770910
177154
2340456
2576748
2129720
1884092
2182398
679:
682582
503334
689:
498689
2292140
363534
1722392
1760540
1872162
2404904
773940
626740
1497914
903740
752446
1852076
1785668
2257478
1788744
164938
766540
2419790
2282578
702:
1082960
1316226
787668
148882
715:
1947780
790920
7116
229654
1135948
368110
40222
2092198
2090850
119652
471654
642090
525356
438446
350642
2496250
2293692
728:
377617
1810074
1450722
741:
941794
12868
1130312
1431396
569684
2222168
2049978
1662684
844670
754:
558720
2592038
1416332
648906
858700
1290354
1494580
93850
767:
1071808
1214156
539602
693586
1189366
2273758
776:
92416
1875666
502614
460666
974386
780:
2065281
932104
2245004
1674676
793:
3728
913388
386510
806:
648964
1227912
839950
768400
2221590
1332388
922922
15288
1920490
1918276
1017160
2022608
253394
1673300
855146
2575928
2536362
2378902
819:
1366273
1328642
1572868
2280208
871698
1628948
626222
2031638
277786
1206556
2251296
898850
1560110
922160
2163770
86588
767038
2266688
1323330
1309508
832:
789505
1278468
2305798
1488114
260618
912396
1601038
2519056
1080084
1637654
152090
1860642
2281510
1722920
1661486
2360114
276682
369218
513862
815176
845:
2035232
497004
673486
2353934
928182
1879164
858:
295648
1209638
344842
2596094
1065402
871:
1172310
1427590
940040
2536514
1113230
1861920
677794
1802710
2307370
2223218
1187252
2585674
1103938
2240842
1274966
693288
2424540
1846750
2455136
354918
873:
1885040
502658
1999176
921802
1772940
525186
1480142
439954
1374420
2323862
367512
1071260
2440358
603624
238892
2103314
2434726
2545840
333818
1973450
884:
807393
897:
34816
235524
2123790
1705164
2263064
1624096
2361378
1744718
909354
628780
734902
1142862
2021460
41998
567382
335960
2252892
2546362
2570336
358298
910:
799460
125460
2604442
620010
923:
292595
2364004
2595544
936:
1801056
949:
1661952
423872
1770380
1873292
428750
1675984
1836590
647216
352622
2449072
1054516
367742
2643454
2638972
1892414
962:
2545155
1975764
1352900
1564710
374318
532830
1379382
1046598
625742
2483288
523874
746596
1727094
1983102
1413256
1533068
2444432
1232018
2077846
1232540
970:
1274848
463426
1191940
1129576
1945392
961306
975:
1659524
988:
2624
1919206
447176
1847626
1892050
1097620
2322264
1192740
2047706
1384924
77658
2105118
1887920
2053474
338916
1782374
2114406
1116522
192102
2221744
1001:
2117376
52736
77828
773994
1745676
1995906
1849372
1060880
2110738
1996056
274970
1727516
2176030
2615076
940778
875020
1686092
2559056
1720476
1358422
1014:
1441794
1036424
1744914
349596
480032
914338
2570462
983866
960830
295232
1552194
980292
1592266
1345228
279120
2232018
2186716
376670
2444624
223204
1027:
1792512
1572354
2599940
1806342
1849516
2122250
1057292
953602
1602576
2415704
1139218
90132
804892
1055834
353318
2083368
821292
1978926
779824
1798194
1040:
2266083
2587940
2263752
1778026
1641324
1735438
2531080
758324
773432
418164
2020922
2641886
7864
1053:
1285513
2515628
1066:
2102272
68612
2423814
2618610
1334284
1600536
94212
1939484
2414622
1730592
1391652
1494062
1734714
2023494
2090060
1280078
1762386
2233430
477274
1593436
1067:
1772384
2300930
1906628
2320998
826088
1924960
2330928
1408722
1269048
1812452
1174910
1079:
1416097
2577906
938006
769702
1092:
1502209
599046
958476
1872400
751636
743026
1429530
2455580
1321562
2419242
1608750
2615006
105020
1746826
2036798
2104640
730434
1933894
151118
2034518
1105:
1791488
2607876
866566
2486664
2406094
1059026
1454806
489176
154588
1436960
500204
1986286
1626224
391540
706894
390912
1118:
1113707
1093270
1958542
1743766
372888
2641308
1192538
1513120
701730
2574884
690346
2138796
229678
1204530
2206002
1465652
2095670
575674
999486
2212294
1131:
2316533
2488782
1144:
1777664
2019328
1171460
8
1769482
1277964
1122318
1048592
304472
1581074
453798
2457624
2424864
2240518
1605670
2269228
942128
1832286
1736758
2372664
1157:
322178
1936132
350502
1920076
23826
1902134
1729860
1164:
2133408
601508
1608134
2243962
1705490
2546990
1171472
1081074
2038806
11866
2426906
2468254
2587456
1170:
809036
2376306
907316
1020344
974940
2540684
1196:
677344
2476288
384214
1710680
2448234
1209:
1587792
625644
1222:
894177
727106
399620
1786694
1093256
1047050
108046
61308
741458
2212700
2641058
342214
2513062
698216
585308
2205292
728560
701864
540146
2114804
1235:
671630
1248:
2384260
2173258
182668
409362
173252
625444
548114
1428338
141176
1428666
1261:
2325803
1954828
421392
62292
850586
664506
2186084
1737192
1272620
2593970
2605754
1274:
741248
2452486
1791484
1929992
1763372
1566992
1473938
210708
1197726
975906
1104036
22086
394534
1786024
2271404
222638
48178
377012
1243578
121792
1287:
47312
1115730
1300:
2619392
688132
1835276
936322
568078
2216060
2038804
1610970
2573854
2574114
1044774
1836840
1304796
326196
963158
1505628
2100576
1417334
236410
2397820
1313:
641604
1646920
1853482
1013166
1950450
2332916
2570488
1976986
1908796
1156574
1326:
1820992
1089664
1348456
1066680
1339:
362095
1352:
1701632
1204992
2138626
1869060
1027210
1730448
320856
992918
876568
340890
1336860
666914
44840
30124
1974194
1747640
138426
1022014
38464
140744
1358:
2473793
534794
84400
83346
1349212
140010
1581566
1365:
2532417
2084484
612246
1876750
1248214
1423960
733854
111074
1093988
2088938
147822
571956
1683574
2614836
110910
1378:
2192864
1391:
2066432
2542722
1307210
1454096
946646
1750752
2504680
798250
1924084
1404:
1229833
550086
1417:
1795865
1430:
1608521
1443:
1400449
210902
984584
737472
995604
2595606
1634586
78238
2393510
902698
1956782
2275742
401718
613438
2620992
1316678
1697992
1351288
1473238
1453144
1455:
387072
1478662
555018
680128
2613524
2406938
1836448
1016870
2158250
478508
2445488
638130
689852
1597632
449684
1221574
611272
1230666
2248440
1894362
1456:
380192
1582492
62270
1469:
951168
662116
1471014
728132
1482:
756992
2420822
1043976
1890220
2035212
999438
1070680
1420308
2061336
2095132
2243110
1786410
2585140
1073214
2149444
225862
887368
928268
182858
1315404
1495:
2632704
2532360
315404
257042
1908910
2341918
439330
2615336
1569836
1095726
1293360
1169458
252982
563266
1925192
1084500
344156
899168
696848
982116
1508:
1011440
382194
2178598
1919900
590338
1940142
1521:
835201
32386
1660292
2578438
996196
1027090
59514
2385302
1819818
2176432
295220
1424448
2003522
844494
628688
1500754
642090
803674
1392228
562026
1534:
1904000
263656
1619098
1547:
2548096
1614212
2393992
27916
713360
222868
1143918
917530
2449434
2621040
1847330
1151430
2317094
1163050
2006700
2586292
136108
663354
2103998
2159810
1552:
241152
1563526
1053704
755340
1117966
1575444
332154
103064
1984028
1880862
1448224
1035298
513830
89256
1434524
950186
1669548
703090
1231406
188962
1560:
1474753
916342
2466120
1218712
1289434
235232
2629798
1271350
973178
1573:
441153
1478708
2391544
2041252
1361562
1498042
1586:
667105
1827010
245096
946242
2563112
2222006
1037912
1167646
1599:
465793
1025800
2639372
1649422
277522
671774
1165094
2026540
2470964
1968694
1950026
1789154
1409358
1737808
82516
2511460
1857378
926564
2527336
806508
1612:
1704384
2378418
699716
1737808
1925564
1625:
331776
2199556
559114
915472
2125854
1759264
1327792
1476982
745510
1534004
872502
1663034
2148414
2553920
1493064
1931344
606292
1388630
127064
200802
1638:
449216
41030
1874126
775376
155064
1445906
1975268
2574880
2061072
406464
447530
2609772
895286
2532280
773432
1649:
62320
2389342
1651:
723135
1664:
1641859
680324
313124
276358
2139410
1956100
647326
1011794
831272
426410
2376762
823356
2516680
1432524
1465418
1194956
1713486
360658
731988
2223318
1677:
2399376
1690:
1579630
1703:
1478657
2197508
1230854
1794056
339980
364562
1951774
174116
823334
2566184
1028138
49196
1873970
1388600
1368122
1484866
1574980
2102678
1239114
940108
1716:
843912
1208602
1729:
676832
895752
1787402
1110926
133780
1742:
1404768
1283908
697254
1005452
1817488
302004
606652
1746:
1646596
1198854
1143560
160780
1368846
656660
2120982
2649120
1878050
2020922
995646
2003522
2342222
539472
1044306
2613268
2477150
1652322
329572
1684584
1755:
1555655
1081310
1768:
430593
1708554
380940
1707534
145072
1352236
1917486
26674
290360
2116154
1017404
2278978
757828
2114118
2445324
320590
261204
2403854
2032730
24170
1781:
1886082
1738950
2058764
352622
802326
2057316
771994
851546
1703008
2252900
2310726
2489318
796392
2039218
1482680
1794:
134594
700548
776838
1080776
816012
385282
2226510
1641168
961090
2173590
1453124
431066
1125250
968736
1886928
1037924
1944420
1849516
2032148
1312904
1807:
758784
1311420
511942
1229628
2002026
2096652
843836
1084656
2199698
1740122
2528892
1820:
269904
2488440
317380
2404504
83740
1833:
653824
65536
9730
2514962
428052
645660
2636890
1655840
451676
2136106
1456070
1089070
1321522
2371764
1495102
1497664
418370
1522244
2367670
584264
1843:
1509378
387078
2068490
2136076
1050638
1249298
2240532
1615214
354326
1595418
2342940
737312
18466
884774
2103336
2345004
1651378
917554
821300
1511478
1846:
1662465
1859:
1810320
902670
1885:
713793
2372172
2326096
1005844
206422
1432158
384482
1953060
913814
805480
194288
2218802
136788
840950
1898:
258280
948206
488494
1911:
112897
1783108
1023558
2161750
2171544
2500828
2313950
2439904
859490
1233766
812532
603830
87648
1615738
1992286
1924:
770641
1937:
2110498
681668
2194062
1904880
307922
1716374
840664
2196952
569470
1940:
2079517
2109316
1951144
229654
2178558
1182116
2125150
1963:
2019520
1282240
788546
1924552
168846
2577938
1573976
919130
2044120
2237786
59422
2499756
567474
455752
490418
53880
434938