10111:
1452689
2194510
1286779
273280
1863002
1784953
36760
111054
2358701
1437407
1214857
382631
10112:
2155716
485943
473137
1433767
2159654
1559910
1774121
1575903
1903095
2258395
1260710
675374
2372566
668240
108681
2384389
1339156
2566834
1449521
2202570
1606529
2094813
901587
38941
623671
10113:
2069116
1473357
75882
2054733
386373
459053
501173
10114:
44317
320814
2098867
326981
2184469
101930
862854
1128254
114753
1519729
1117215
552183
1941914
633998
733106
2210298
61863
305969
89601
2007489
970031
102345
1077894
198693
1204074
2605440
2034374
1073138
2491630
483303
565860
2495342
37588
1145770
756797
1451702
854420
658784
1746869
1702541
2001128
762885
44540
2045247
84123
965722
2032836
213279
2151090
1148579
1328230
2494663
1508767
2309181
2446062
1895772
1881265
1247265
987352
462621
1271369
2432650
1965034
599674
2544837
467817
1662935
1230225
666292
1155513
2433552
2213414
2232958
260350
1261507
559914
1721583
344868
2630990
1034587
84369
2393246
2506933
1773421
760816
465580
1335962
2458007
218678
1425555
1116402
1684238
974651
2194062
251863
1687122
383844
2288878
1235184
2878
273549
2251907
579153
2587365
184660
1444509
1788058
2087336
2582883
1240070
2207294
1598830
1583497
201495
2222539
2359729
1603423
2213300
1220682
990552
2298592
117355
471658
2237329
1703029
350560
2495649
1545709
2026641
2555718
1669786
1035279
648196
1271567
1962074
1913136
1672587
2207438
2389968
1523109
2610877
629561
123541
1748273
1018180
1537586
501521
1303790
1117923
881000
487045
1226703
2181557
1427673
2314664
131694
271648
1447864
758392
1534318
1058761
1803027
1467925
2564242
633010
187299
1089528
2197493
1439400
2448438
834314
490027
2067584
209822
286756
1094273
409230
494262
493110
716605
922318
1073464
1563196
1859144
2604659
2131146
2459559
1078355
570444
1707864
822444
48260
2533773
1157331
751003
353737
2428563
2446820
1620646
1223905
521391
445968
2645144
1423467
1104391
2056290
222212
1833981
446678
1319603
703831
1074215
910338
1558491
126990
549730
1277202
1263857
2568245
8689
2467539
593144
1602582
2230827
1057176
1485134
78266
1650427
285339
1071072
1289394
1693700
2330625
784578
160871
932207
164975
1286211
1907904
2552360
2147056
1199783
2548363
1691507
462470
2541196
596586
656516
1179883
984933
2133039
122126
2270065
1067366
1071954
1915928
807288
594999
2023298
1147093
297629
2431604
1293345
882258
1353717
1065369
1838993
2277656
931592
770544
125864
2387786
1679805
40736
1809344
417422
591656
2469606
1153229
659308
690837
2183204
1015228
2265259
1928030
2383754
14175
869953
1801696
2127523
662491
128735
809974
2078187
1570773
2580383
849818
978754
570022
1280276
2250156
1428181
1409804
1403764
1912781
1522923
320972
345645
1814534
1888656
818453
2187947
2232970
178623
2604225
392761
860467
1977333
1674797
2211795
745651
1727872
2360518
894884
2618167
1712502
2595955
292591
1613658
1206512
2001422
1004257
9290
344936
715493
564683
946409
2548936
1478285
1912807
234295
2067761
1694115
53322
204392
2182104
193549
1466042
2379403
1531023
1982578
2517523
465977
653397
2417987
2247148
1546049
2589653
1942118
1196988
1474838
1893990
2242544
2363634
633866
1620799
2034997
344480
725961
2573916
210209
960558
1031136
991188
37808
1137278
2602911
208067
1505280
2404201
304409
2472275
1217381
899203
254008
589469
1689072
1231069
1449673
1493208
2458367
158986
1250364
106697
2358741
1545335
1621282
423283
933574
1081802
455923
1466045
1897275
542985
194170
372738
924221
603624
1593211
1440280
219143
308535
433316
438572
2270144
2645100
1783317
2141881
1661270
2511536
1635319
201694
385250
1260142
205901
2605717
42839
2611773
1167452
2605214
1698040
1346254
1232118
499527
1018592
2595571
794305
2135166
2148317
792157
1124753
1100308
2002421
2344919
565641
1072273
1851704
1910771
16229
1986627
2155828
2236382
2403515
2603173
2281987
2370571
864611
821837
1402913
809575
2248097
892020
2406399
2524489
2212304
2017865
440091
2126899
1502740
2335220
1359153
1997184
1002171
1789341
616857
2048294
1988166
1736710
2603767
1113432
678026
1825746
2585474
1531190
2404121
2235525
2205342
2348332
487275
367825
691604
384003
2403338
1227636
1344573
220378
340181
1317683
2144458
1113886
219387
967453
1143550
66027
1154435
1021504
759671
1548048
2431628
1342852
1279445
985416
484323
1055050
243833
60385
1141352
2287769
2146536
2440835
857604
763065
1445634
719881
1592285
956749
780082
887711
1937340
2453405
332284
777503
944048
450095
855140
1341870
423631
1234795
1285458
1934125
374509
1523063
1194794
588527
1154872
1936585
2481883
59186
257193
2457611
925306
1397262
1831290
2066732
1989527
485105
684387
1544909
419081
2145632
438763
1149012
1609332
1918397
751550
1939409
1931621
816114
2521666
2274341
2167089
182154
951858
1287432
1258841
10115:
425908
918233
338916
10116:
706338
2522445
1969563
200215
1409864
758639
758318
1100638
2295885
1487845
30652
10117:
454849
1204904
776260
922615
1277457
2181970
1506293
873637
2262753
2310236
1694188
776536
2370765
2586014
1346236
1008264
46922
1070528
48876
2063888
239662
914678
1017525
2202279
859359
1594618
1462096
573068
1089008
93850
759273
1327129
1628483
354723
2400246
382742
2309573
1591072
917722
408406
14817
416932
594505
74183
2512610
651877
2162066
1556419
1151212
419527
2437680
1344701
416892
1896286
2120852
2575399
2283401
189154
1503263
568473
56415
2097043
1622108
2514559
1983788
2461130
2254554
1706391
832827
1178139
2554601
2605240
1772801
495465
1738969
1948153
10118:
2041199
1079060
10119:
1829027
899232
609690
311271
1959320
1273428
1711859
1210574
623294
55038
110089
1690287
2581233
1625022
1130862
1685673
746594
544298
5823
2186329
334798
1663779
552758
720643
753427
1014716
1733123
740223
2381752
2474198
242001
2598508
1246772
246911
1234299
1510439
2502483
2418288
2186817
765489
2023207
1040284
1662965
1276137
2122647
2246014
1295970
1586088
1923459
1251093
2579274
1265581
776126
2029453
157799
2604150
321493
2146162
1252684
1752332
306765
2640902
1706908
147078
383004
2581823
2303631
1548360
819521
722685
316755
1574695
317301
570909
291018
1462064
1753483
636065
2217934
2588947
1424091
693999
2046124
1530695
1852987
1847537
777121
2484211
1828844
2264454
941017
2558226
91704
2585735
300286
2536540
2544203
891975
2223396
1468286
700018
627820
743823
1657301
1526299
1474466
2617933
1433800
1756303
1519184
443404
1768382
52948
1336792
812666
316449
1050953
1081461
439202
272712
2042275
735562
1540737
1228450
1162923
692637
780711
1494367
1032032
1012:
1614555
1048963
2583831
701770
1380686
125559
689700
656501
808135
1261010
1406669
29395
2036746
2617555
832147
1136754
1616406
801651
1516404
1394920
755098
2254096
2012745
2407893
1727111
1393380
1259960
2185076
1729350
2647328
2270260
1946037
2529439
649243
393655
1763923
1026711
410466
1687847
1240708
1833107
2020414
2234000
129418
1306112
1496529
739028
798875
1768173
1084888
746296
1224125
236574
1161373
1244116
2571299
731856
806734
1285563
1244564
2319554
1960291
33553
1518868
2495933
1995527
323410
2346008
1458110
1870259
2210104
435108
244418
897502
1064053
2355949
2340836
1029352
1337046
2339507
2510628
1102032
822855
583491
764330
2340700
1920133
2096260
1813553
1266091
1778729
1627309
2051763
965481
956861
1180349
1070029
529734
364749
412022
1563277
676373
548631
1299710
911537
1794635
1128920
1495156
84957
722683
1588677
1938931
838537
1574829
1030798
275433
1229707
982514
519240
104978
2310575
1587730
480094
2196604
611783
587721
1861754
202536
1257144
1708411
1953937
227370
242260
2121145
474091
1681077
2155354
2615472
1123230
2606872
1660355
2258199
748072
1209296
214266
1647845
586543
381301
411524
2171969
2245661
2243031
1263021
2165911
1579549
1776262
1192069
953851
1200485
1740397
1401705
23102
63367
2481257
1651650
473947
965756
2238235
1860383
13134
1595992
1538634
2458745
396378
1081758
540803
828623
1148113
113142
74997
407146
835025
1033520
913642
45365
582480
2297934
486958
1770701
670409
2336875
196738
160659
1625874
2627184
358546
1229998
1178389
1838378
1807503
1442032
640323
2345163
2536879
2497650
2583960
1779678
2401021
107723
1425869
616414
2452947
1271541
718153
618679
2456889
2632371
1693965
718537
1998078
215347
2576048
2367485
2251835
2543062
741248
1098399
67835
407905
1151834
1904406
2207087
594021
2098933
2375622
1886859
533018
465432
476034
2455151
65094
1013389
13996
1943948
2063801
1285032
1208970
208477
1732656
946033
618794
2326623
870754
21153
211702
1231887
1972475
1587838
1392108
946528
2380731
1251689
2087521
182824
893566
132803
317630
494946
2280858
1454502
654209
470546
982225
628539
2492560
2290023
548304
177570
346253
1399914
10120:
276210
1545957
2357046
211108
2388007
10121:
1938835
2584094
2056844
1761707
2590532
2196865
1068659
26750
1079045
690334
865387
1794755
2333491
189725
2625468
2290578
1851975
1400923
1167991
32057
2327149
2301114
1794701
1129884
10122:
749532
826184
1817678
1038642
1838848
10123:
2325249
1437364
1719889
1650908
621593
2396721
1991783
361552
1763387
46705
1229665
853945
1773296
570559
2563089
1031836
858739
2155724
502329
1822079
2479684
1694842
1731106
1725730
711774
620466
50934
581769
1436604
695720
1961423
645557
1981033
1578651
1866631
1440917
2027658
2283331
938693
1440487
1899452
929177
2362360
1712994
1452847
2393473
2470618
2151802
374547
1841976
805029
2214757
1040102
2017367
2431906
847771
680005
1885684
2520425
2602020
579083
2196445
971387
356736
353842
2123155
1779958
2114230
403918
803226
2471938
1420047
1604543
2016176
1028138
655142
1945373
2244293
776697
1615579
2005342
1702740
2575119
1586856
2266296
304415
2342614
779730
408759
1664047
97084
1059683
2032778
1010392
2593402
231991
2523410
2374847
1813526
706800
1329352
2635453
1609215
1510745
1137682
693807
1511801
2587854
2244566
1670450
529788
1970298
2442346
1370178
2057955
2054342
1217472
2635908
868464
1793729
1887682
2186832
23844
689640
55771
2586475
641909
2061072
83118
838563
1487910
1296287
1231634
295536
876383
718577
2007119
2002239
2257688
368898
1751058
1889467
373574
1447640
2261415
822834
275826
997197
2360675
2388738
81544
2043862
1020675
2372744
779816
1849098
376792
1528338
2408386
1197524
345341
885506
1341684
1276212
948597
2546523
612386
2426104
623258
65812
8440
1276993
523929
1598727
1840146
1071464
979226
1705559
1769417
1096031
2518464
40031
1925190
439
380593
1762235
1667129
2117615
2134242
1870216
141723
961431
491798
1858533
2397586
208881
1863351
643126
773219
675236
2232078
277678
677536
2180643
1444319
1803323
45509
1040238
1745323
501741
978956
1627296
1507759
2002519
112166
336194
638647
106163
965526
1549253
2068507
900647
448355
2026385
1474415
1238349
515219
735018
622723
2360566
1477327
663816
2333007
2067905
874485
652848
1351909
450162
1006160
1406377
1708181
1275914
2179400
2078225
1662674
2612855
113159
2023505
2413297
1852918
2015789
649201
10124:
256860
114018
1189991
1814005
235095
2605503
1311185
1147039
553063
1316762
1287017
1407723
2020781
1114962
709085
277631
1393438
1658437
2477638
2098983
2066808
19917
10125:
734545
2605498
454233
2113480
332175
1234558
337752
2114321
1720671
644151
1947062
1168739
2203612
6799
1716156
734219
809174
939310
2056429
32261
2446807
1149299
971420
319513
2414585
793025
2375950
176387
2007959
624191
141920
10126:
2487921
712664
2159955
1330229
10156:
2382099
474730
1855166
2426850
601435
1045799
1036694
867470
1503303
2210909
729591
2464585
2403033
2334388
10157:
2596225
2000188
2529845
405831
1148460
1579347
2616705
1962942
625312
583491
201290
704147
2351042
1365033
1169409
55780
2630768
83217
2209441
1996122
88652
1651030
2350008
2386526
218783
2569890
2370736
2444277
1662471
799775
842969
1570179
703905
311377
748146
1421661
2511142
16983
2529081
820774
311745
10158:
2443212
1936779
205756
853020
2431405
1306271
1416370
2100882
272580
2432284
1344730
717564
793
189952
1164864
2124644
2368975
2257327
672161
1950540
1537128
258601
570435
1150465
49048
1300942
2643442
323292
926094
2581818
749650
893041
610397
22512
804970
900416
1385752
2356846
2152617
256059
1299846
847360
1965682
704601
290462
313786
13085
1215120
1893816
127949
2350700
2085945
65760
2547002
1580816
478367
1640947
1636198
368438
603306
951494
482357
164061
836438
1596806
870072
1326536
323908
2537818
1970794
924091
1987958
717881
1721666
1205960
1875571
1384348
1499302
944159
1899836
1381621
72894
151969
2628609
522428
1530576
744019
1657689
1790611
777825
1798481
1446168
2388932
2290570
997784
221233
256358
2076380
1546401
2436692
698998
1351864
151035
262279
409516
923575
57830
751226
2466568
1732584
84271
1036831
582887
1424273
2461559
662684
2632884
66569
2368684
1274863
412725
350444
504935
109440
1047651
1593822
1827462
10159:
652964
194426
1020403
1454357
200255
733291
1021517
1386345
442322
2161977
69809
285597
314635
884203
1562924
1149838
374742
1271757
1465806
434210
2069446
1881445
1323907
1042163
532406
291018
1842771
270212
578055
435549
1642330
1602927
633283
1779620
2336734
210386
1766858
1415648
462634
116058
2057272
1812311
1884518
1780916
1036280
181112
1931293
713470
634569
2295960
1663781
1016:
687304
10160:
1495561
1859181
10161:
909302
2291776
2411892
1293472
1663781
10162:
1530644
564138
2064763
476120
1943512
1122897
1380665
897496
1916244
1229795
830189
1457870
232719
2374613
1535959
1688477
802513
2572236
201798
1561999
1062707
1981223
1130533
1796246
1532475
207150
2562295
198609
2329593
2553254
2111373
2013204
1259115
2060176
2317874
2492282
2366939
1965691
1521657
1131878
1995006
1953459
1470036
2648609
1657842
1918304
968885
1666386
914078
1493728
344174
518154
1796175
1748546
2408213
1905830
1265624
57913
877605
405978
1372018
739744
812757
86145
1302747
1430603
373595
1213878
1360742
1757132
2469059
321093
1146664
884983
1797921
871546
2148414
1120104
2157145
1106447
774302
2102198
61189
1628219
1203360
619792
708895
627879