9725:
506769
1135948
1590026
9726:
2121132
2309924
1430784
9727:
1579012
573364
1428688
9728:
1361013
740327
826793
9729:
2173522
1249706
1995200
973:
831918
2593617
496267
9730:
1371746
482223
1999441
9731:
1155559
2409468
1449479
9732:
588280
9733:
369430
45008
617861
9734:
1390809
61017
1856879
9735:
1649925
309330
875428
9736:
333327
763077
196584
9737:
2289095
2324813
9738:
1715894
968714
1168648
9739:
2327264
974:
1938201
364022
2416654
9740:
2046595
198175
564451
9741:
1032502
2538354
2336678
9742:
1454252
5665
1058773
9743:
967937
2162200
2063318
9744:
1888517
1722558
1184988
9745:
429624
1467079
750702
9746:
2309013
2049712
982690
9747:
1483947
2216413
889305
9748:
2443128
9749:
721249
2585364
975:
1659524
9750:
623677
966591
274949
9751:
1985565
2491272
9752:
1885171
635955
2149449
9753:
208580
2633281
1057808
9754:
1125851
9755:
137028
9756:
546754
744744
2218868
9757:
1937589
1974751
848256
9758:
500825
1864603
2465970
9759:
108374
1278950
1695800
976:
2093677
1426664
385242
9760:
46544
2217698
981541
9761:
1700253
1951144
2001615
9762:
1275006
1122576
1080361
9763:
1786490
1005050
2375319
9764:
2066746
473406
551510
9765:
1235972
623137
9766:
2600136
2407308
851525
9767:
1938585
301892
805338
9768:
1976152
2396153
1118848
9769:
2420959
292993
977:
1101791
1736221
962032
9770:
685216
219652
9771:
2079559
2213570
514312
9772:
1965000
1950710
597410
9774:
1907667
1180408
1569850
9776:
2459774
1229269
21667
9777:
7577
484101
1214854
9778:
1139704
2418704
2416188
9779:
2240355
2066179
601771
978:
2587968
1238268
1142174
9780:
1434637
1211963
47910
9781:
1956085
9782:
2089071
9784:
363596
2314776
2450610
9785:
2576354
1045110
2208387
9786:
1505037
198196
1542317
9787:
2500745
2265437
2382149
9788:
1432537
1533238
2004442
9789:
660495
2002542
1999401
979:
710930
451871
9790:
1753777
548534
9791:
1020742
1653502
2449500
9792:
592010
1124851
1444867
9793:
1507728
734902
1474444
9794:
2389178
2528470
1271925
9795:
1422542
2105657
790835
9796:
2378204
1940028
398605
9797:
829668
914839
2564924
9798:
1640419
1809852
1668726
98:
142406
699741
1605107
980:
973703
261107
980939
9800:
1242432
893725
1059726
9801:
191289
2403969
1287939
9802:
2385799
799656
2014965
9804:
1914024
1961467
9805:
2386034
102833
1296140
9806:
1704382
336678
1564209
9807:
130838
9808:
1564209
1413243
1160744
9809:
344696
456813
176817
981:
1944684
636634
2368098
9811:
278999
1733156
759648
9812:
797783
1356679
968293
9813:
2060930
1897305
701849
9814:
1054153
262700
1281253
9815:
1270804
1927652
415247
9816:
2587944
1197905
349331
9817:
477455
1572756
1874376
9818:
1335781
706539
2342952
9819:
1181115
1251137
1501093
982:
1256163
1343266
2067093
9820:
28514
1355864
1271451
9821:
658294
330424
2606106
9822:
579549
9823:
489551
1901959
2446177
9824:
623221
2356286
1660096
9825:
2413042
167389
808840
9826:
2509352
1839779
1300028
9827:
1493403
37742
688892
9828:
2189127
1976176
2611918
9829:
1347550
1251567
2256333
983:
2108079
772825
764560
9830:
1313536
9831:
282781
256575
2149545
9832:
1023753
120748
377464
9833:
27264
2201974
2488478
9834:
692762
1762053
573064
9835:
1450660
1367622
799174
9836:
495976
2008305
1248943
9837:
416369
718211
1060735
9838:
103141
1700516
2547275
9839:
417098
1834072
1795236
984:
370531
2400021
829008
9840:
1640447
9841:
1034358
1685673
440860
9842:
2447266
1505549
2365626
9843:
987706
195582
21059
9844:
630851
614071
363163
9845:
1186619
2344630
804704
9846:
2277815
2252430
2405217
9847:
1891887
2062821
243877
9848:
1130862
767575
1689505
9849:
1485267
350915
1873111
985:
2202464
1682760
1270280
9850:
1595014
1549294
2001284
9851:
2024211
202667
983538
9852:
684754
2307943
1596904
9853:
887405
431098
2636226
9854:
2385553
9855:
578621
813734
1889508
9856:
1370157
50811
1921655
9857:
1754211
832987
2545618
9858:
193498
579044
2517586
9859:
54596
745802
1247553
986:
1350663
364549
1934758
9860:
310856
604631
1967707
9861:
107270
1111245
814831
9862:
2635059
542153
2027791
9863:
2002163
108392
585297
9864:
1237328
231140
1567095
9865:
1819055
1184178
2502842
9866:
522813
1504700
1569462
9867:
1673235
2479692
937614
9868:
865790
1837668
231100
9869:
1206290
60711
2366547
987:
1374441
838309
283024
9870:
2300808
1626521
827322
9873:
1382599
1813660
186129
9874:
1616351
609629
350067
9875:
2477028
2628784
1974221
9876:
1679052
1194381
47232
9877:
737546
380782
2295688
9878:
1912899
2648613
1080184
9879:
2099124
867588
165160
988:
2047706
2114406
2191147
9880:
418653
2380638
2175611
9881:
1783871
1949169
844596
9882:
1505799
1513370
963253
9883:
2379717
9884:
938057
2625109
1321009
9885:
2245709
228236
9886:
1053937
554875
1320899
9888:
609690
2164153
1227082
9889:
164845
1401744
989:
938797
2301797
326981
9890:
767678
1262236
666180
9892:
1537160
407014
2238939
9893:
378918
1547725
112635
9894:
1702496
9896:
840785
709554
2101741
9897:
2251385
1752611
9898:
1606486
1274640
1104801
9899:
2201269
1450860
1433116
990:
1629710
1882730
1990316
9900:
2332660
1284774
204096
9901:
767144
67776
2488357
9902:
1334360
1927208
1835134
9903:
2246085
2271458
1220511
9905:
27264
1115188
195683
9906:
832256
9907:
1225475
1736440
873090
9908:
2059896
1098265
2037723
9909:
1717064
2381246
2480874
991:
1918957
2497159
1320770
9910:
1509766
334857
44694
9911:
1436545
2149490
2479667
9912:
1501223
2388103
833337
9913:
389134
537789
2319678
9914:
41623
64928
9915:
839859
1176673
374420
9916:
178302
1079746
284686
9917:
2320264
1631365
2481892
9918:
206657
9919:
31587
992:
2503691
1632716
1136984
9920:
2635246
9921:
1498941
1226496
1132269
9922:
1115617
2140780
1770501
9923:
316130
2015776
1837916
9924:
524016
9925:
560832
1957867
2443355
9926:
1123201
416518
667371
9929:
79269
1391642
2578060
993:
1861822
1504387
1188085
9930:
1631643
9932:
1358865
9934:
1984318
9935:
1805961
1789896
629724
9936:
2612889
2500699
202667
9937:
1533038
1483361
1514367
9938:
1871967
2328102
915950
9939:
2525823
1427683
1022378
994:
339448
2401649
1766484
9940:
1325924
558717
619823
9941:
1821991
409966
2299744
9942:
90612
2014669
1603392
9943:
944751
1023208
1282307
9945:
74830
2065575
978154
9946:
714960
1308505
2643435
9947:
1786694
1163133
776263
9948:
1235794
1764387
1841072
9949:
182770
2435052
951446
995:
2568992
2510944
2263143
9950:
199848
467816
1821073
9951:
2564697
518482
1805131
9952:
2464121
2185479
1099221
9953:
1357242
9954:
349508
2504157
741930
9955:
289852
2171261
1934163
9956:
1388963
9957:
1990724
1658868
733228
9958:
269554
114937
1523340
9959:
726540
1878900
1949726
996:
1648765
2143683
1587420
9960:
2549056
1789913
1573433
9961:
1266665
1734649
426128
9962:
1869926
2008087
323269
9963:
652356
513501
1122399
9964:
2081817
2301497
485943
9965:
1797166
555018
1155569
9966:
278047
2079929
803734
9967:
1746835
209610
9968:
509518
183683
9969:
669662
1722664
997:
939283
126127
379107
9970:
2278190
127547
1058902
9971:
312110
1430466
1274754
9972:
2006132
2381917
1203432
9974:
1462151
1024535
2391096
9975:
1124974
862596
434848
9976:
379957
1792333
1277109
9977:
1696916
860915
1623397
9978:
2226601
1034611
2478510
9979:
108031
2253959
614469
998:
151209
1753332
939094
9980:
121832
419072
1541638
9981:
1359983
1506089
71390
9982:
866739
1931102
472172
9983:
166663
2426793
2428988
9984:
2497047
885878
2640984
9985:
2556008
919454
984936
9986:
1809758
210907
2199439
9987:
2557070
215405
2324417
9988:
551587
1994097
1721678
9989:
2026414
505558
865727
999:
1368356
1748518
1686297
9990:
1955570
2240489
1019766
9991:
963134
1262283
2043746
9992:
1729134
1882802
9993:
2152176
1768010
540709
9994:
912950
2276333
121524
9995:
824097
1913324
560942
9996:
66828
1149582
336696
9997:
2179700
1347835
765578
9998:
1288730
2536567
1107317
9999:
1473765
