9970:
2278190
127547
1058902
527052
1714983
1001413
1099179
1878136
749304
2419726
1599407
1795576
531732
2212417
572316
1282878
709767
428318
1623447
2064359
2177511
38996
2409624
2102742
1042148
1198389
391438
189152
1280761
2414042
370539
2013808
1673131
2458290
808674
1018814
426078
553823
1971630
2161088
9971:
312110
1430466
1274754
493689
9972:
2006132
2381917
1203432
1121383
548418
1244898
693356
1593250
187870
1748073
2594209
1744339
1034322
9974:
1462151
1024535
2391096
867162
2532688
1876896
2563601
1356835
1849372
1675794
499334
1579714
2535210
853151
1596284
1385806
767826
9975:
1124974
862596
434848
137341
108936
2097249
2560020
1999075
9976:
379957
1792333
1277109
1542171
2212455
769643
1326900
1340938
340008
600815
718112
731248
1566641
507130
1860427
104348
926471
1484146
660959
2425137
1535629
291552
2646179
2108198
2048197
2212081
1904509
1228185
574368
1760851
9977:
1696916
860915
1623397
2100462
910404
592445
2349040
218734
1241395
2350131
1691464
147182
205239
1508036
553651
1349453
1080950
1271817
1157302
9978:
2226601
1034611
2478510
1382328
2099372
9979:
108031
2253959
614469
335236
2142748
998:
151209
1753332
939094
2244085
2267369
9980:
121832
419072
1541638
1123410
1987866
2192258
1422740
730002
9981:
1359983
1506089
71390
845912
814517
71712
1170807
690266
1822079
30391
1793342
1629522
760820
1261834
2170201
1808539
381381
2451459
1217575
1577724
580414
1991601
2448946
95183
1433954
1475790
1707310
882281
819166
196984
1540655
1542247
1795069
907857
1020479
2309429
2445812
2406529
1646777
2247096
624976
2540652
245667
2008107
1603196
2399876
2394035
1362840
1983268
660547
1363250
160306
1270812
2368895
766333
486403
800893
603781
1756082
730354
1463139
2340502
870787
191685
1190904
2587984
2567280
1505471
553143
1800607
2167513
1305276
980987
1892712
2433841
36669
1590921
595285
55406
1884346
1663475
2192196
2323179
1441938
1838411
1834774
1331891
2418918
1365323
2224171
855422
1298874
1109400
2311197
2088569
458138
827310
2202342
935755
474049
1893676
1243615
2436533
2087880
790411
1567353
2368684
982661
1429971
941971
1329734
1667807
574513
2041650
1064911
2070820
1665012
2314951
824635
9982:
866739
1931102
472172
1777847
298587
2352287
9983:
166663
2426793
2428988
1747332
1226091
2494367
315069
322417
2156932
2123614
1502136
738136
1257751
1126078
805004
1721460
607191
928056
2637216
120828
383292
241056
1514578
1236209
391101
924380
680155
86994
804533
2121232
2373114
1680373
782502
645087
1806311
1993351
1874263
2609412
1913536
49089
9984:
2497047
885878
2640984
2627593
587473
2610168
185781
1787459
1487668
608891
474592
523142
1792263
312081
2062922
2432658
2122854
1970310
2169373
329970
1603965
26116
697831
1171464
1741484
1140160
878692
357490
1221346
2535525
1319649
2081163
1526188
2136994
938923
281133
210880
2017138
2337600
307774
2355320
1962309
1924658
1566682
1214273
1546809
2122139
260188
1790979
138507
1532119
2573134
2541891
1954431
1690548
1418755
1653637
1047492
1409465
2611714
510881
1414343
1016619
2362238
822507
2124558
1173724
774016
1182128
1257055
1678483
1255910
185205
2420368
91254
740291
2350839
1496453
271991
1847518
1730689
136504
1817991
32461
1197948
621393
9985:
2556008
919454
984936
87153
181594
1341972
1689013
2420630
2008349
2252814
902702
1035520
989093
1699845
2335381
1091835
2153970
1126408
1882450
1783117
174644
1460008
978593
2273561
1067303
1092645
452905
1155602
1463348
902748
747422
1249193
464335
830762
2175634
2239709
671337
2204653
1397583
413945
1183823
43209
2605404
57648
994185
1269137
2277793
768684
2385719
108311
1384354
463894
1293310
1690637
1600747
1239100
1519914
339666
200714
1632745
2185057
612234
1775332
912036
1061240
1995379
2396007
112260
1021220
9986:
1809758
210907
2199439
1047007
2520356
2231842
1538044
1212467
969753
682217
2420535
778486
907985
1572042
1815469
1300942
1824910
1635194
320707
2225344
1385862
62361
2545927
1739782
930789
10630
602270
2558773
911390
1021166
416881
505249
1197427
107150
1068015
2015346
2237405
156183
1198276
1825620
848753
1233091
2100787
462957
1980771
770894
707243
1709861
2645498
1081393
1942473
2646657
664825
2259665
2075951
2167181
879551
1633251
2468330
9987:
2557070
215405
2324417
557544
237567
2223988
2455506
2475151
47032
1374697
1441518
399755
2096942
1304156
2648416
2329131
1271765
335873
339829
2232703
894177
257817
919816
966771
1892633
459317
1058100
2244894
1155918
185723
1831188
374514
404513
1482453
2178278
2566731
2356165
1243541
1551139
544740
2189876
1081441
1627662
1671056
2102706
2434541
2590408
1820919
1960954
715966
1406096
259035
761884
1146898
1403059
2410603
525978
855605
1033920
9988:
551587
1994097
1721678
2642752
853872
1214262
2189854
2500833
1947062
383038
2079530
1595787
2623694
2465085
1901262
423038
1987167
418639
925290
454557
537482
2587643
158693
873526
9989:
2026414
505558
865727
1800566
999:
1368356
1748518
1686297
2504950
2346329
232047
2192206
1614384
1459773
2641934
2467845
1762067
2528285
883247
2111370
2377472
917160
9990:
1955570
2240489
1019766
1436465
2017966
2345643
2619241
1623203
1714156
9991:
963134
1262283
2043746
1289965
1892326
1498198
1297073
14131
758784
749504
2150534
1890915
1696663
1919807
257323
1546917
1380457
2407080
2334917
1026182
797225
1513218
2256602
587117
778486
2562627
1110258
1291195
1589177
83893
574447
80348
1167451
2310114
2413104
1259067
2304924
44185
1063164
2155260
2256573
337531
340875
1099984
2408597
320953
1787515
2489680
148448
2456969
1071254
384135
1454504
2286300
1720130
2463905
329777
1639751
1453713
2430907
2564852
1051788
2531244
1317524
1091547
273380
1120862
945962
355869
1904440
2065233
239297
689585
1860572
2387289
1981724
1707254
2114595
1302862
870170
1139111
1564115
1650838
859446
725492
522834
152082
1488980
2481417
2566684
456698
1626367
2101827
1026855
1167607
1738447
2336203
610101
506650
2240589
1061927
797775
2300288
812666
1476243
1981665
2437255
42176
1679654
1139645
2094521
1359777
1116132
1601861
9992:
1729134
1882802
9993:
2152176
1768010
540709
1683615
1140115
1996300
2412822
9994:
912950
2276333
121524
2251347
1441619
9995:
824097
1913324
560942
2089193
937434
163546
1771303
486573
897464
2469808
826041
2326407
889725
1523998
1173459
1763537
85601
1451183
2579961
1137411
1626521
2140671
240851
1365671
2001195
250836
1131510
1427987
787968
2336219
1022395
1323070
239208
275498
1743988
126681
2529759
2238529
2090165
2219926
774958
793027
1404109
1740800
1378830
441178
1198298
247846
797049
1322867
202273
792817
2436032
2370866
1510947
1276114
2296244
1742919
301841
1211133
1384452
1582387
1293796
2556754
1841210
939970
1945118
2376038
2077668
105596
2495765
449537
2429248
1197904
651851
587879
1337310
1953492
2393202
902148
2468512
1619737
2499020
1507400
2387221
360581
1760325
2396222
2446386
1901576
733906
115438
2354195
1891935
2109227
31351
2062044
254600
378346
163357
1574344
2460019
1792347
1034153
176168
1244036
1607106
2296531
580802
2046572
451597
54412
2636478
561377
2481460
1541262
2501711
2132108
1020337
1348230
1122509
1422737
743623
2056549
153068
931503
1119629
642578
559034
1654132
1927428
1822249
8450
638866
765308
2586849
326839
2127784
1243729
928595
198755
721144
1232910
2319523
2269901
2420298
594219
1595489
1020352
564436
2218900
2512727
846555
2385402
544778
350782
800940
2594711
709562
49351
1547773
1923432
2488514
1399334
2245749
2269385
1256895
580018
1674641
1473556
1675984
1582340
1942272
2045481
2007300
2285360
136306
2198383
364710
1863485
1292195
1132000
1952718
1009577
566240
1968999
339288
1605131
1392114
1396663
1720424
2354939
2047814
298221
915668
1564010
2144572
639434
825578
1930058
194929
1847661
9996:
66828
1149582
336696
2462908
1589627
1720226
1194354
592532
1351081
80354
16792
481320
899431
570792
1619158
2571420
1817485
1206224
1553993
9997:
2179700
1347835
765578
2328701
9998:
1288730
2536567
1107317
9999:
1473765
