16773:
2191551
368756
421862
2084326
1619608
1390809
2058571
766038
2583389
1386958
7133:
932672
1606471
371272
118027
1869837
756304
441619
2161492
472342
1270423
2015834
1404635
1781658
1915664
2237538
1620251
1998313
1283757
1808349
888625
1204403
1176376
805246
3111:
5568
289089
3458
1548355
2200325
1836358
235585
2264456
691529
243787
907407
1761424
887764
1523289
1413725
1902814
596741
2264737
2609317
1610926
1788783
14994:
372418
1314307
2502149
1805833
1828683
1928140
14340:
2251285
5140:
1335939
2297686
1926919
2036232
1895881
158349
16792
981074
1142419
2054870
2101208
2319390
2457381
1766112
286434
146851
847397
1318762
5748:
1705344
16078:
287712
1828768
1151173
2010119
1137867
1051532
1597581
9959:
162689
2295554
1643139
2415876
2386181
158855
1710217
726540
2271118
1014928
2491110
1497710
1607702
851866
2095899
594460
2570397
1949726
46469
921378
982821
1413799
2371114
548269
813742
1447474
2561844
2501918
556090
1934527
215108
1233221
1836871
1759176
1547213
2607310
238543
1944921
681178
1045596
968541
1122427
677349
1368422
2141290
157419
2118510
460403
1878900
494966
16637:
994835
2486897
360787
927849
99546
9162:
649317
2138:
1370579
2117134
1940025
5703:
1902672
921929
322974
13260:
1988605
15882:
2379072
1923435
1025477
279521
1424777
2635148
1317086
9299:
510828
14628:
1299355
1505541
12704:
52032
1619648
2033602
333379
1680135
1595699
1475340
223245
396641
1401233
194258
791491
1200020
1092822
1517655
423064
155193
2312623
900261
2122976
2272417
2015522
770339
17252
2583333
353575
2084330
1733612
361903
1336434
1976627
1659198
1244:
814304
1677601
425442
1289888
1251531
2321900
1418637
2066094
1737:
720272
1028643
1611334
2517734
1382935
1327978
533315
1534:
1904000
986049
534351
197655
263656
497385
8884:
2170240
1872708
1599623
85134
2371791
265872
2298323
699406
644825
346520
1143492
1134683
251130
2466272
2382631
790183
514028
731442
8800:
1838912
10064:
867948
66853
2242375
7910:
783296
1756161
169347
1714116
801349
559622
827080
1395529
2080586
1380172
2260557
794904
1136979
1001684
2138136
1462235
1949852
362077
1782430
1911813
2575392
1104737
1974107
1854693
509671
5097
1608426
665387
1734572
910318
1632495
2631240
89974
1547209
1568315
910:
799460
4321:
539264
3599:
1738113
1601348
124870
12492:
45216
706435
1541509
567585
176392
1011692
68514
151759
2587024
167534
2635288
1336154
2389102
1824864
3611:
2452997
249353
1534731
1721100
1632784
1573393
903187
2405141
1394375
2613274
138780
2401053
129054
870405
1508128
2281136
265507
1661989
2419494
149032
381225
1562923
345132
1374765
287534
2300465
1824160
1106230
2576137
1512248
556090
2469691
1198399
2108481
842050
1809272
11554:
1207290
346177
2499525
15452:
2448817
175875
1234886
8956:
2227857
388723
11911:
917504
1976322
573443
508204
314028
1871886
1897190
1853459
2394135
1974296
1477636
856095
1179680
2324513
2175012
2146347
309293
266289
1994802
2093107
1120311
1171515
2070590
1445952
2027585
1896518
256072
1775693
1656914
1833043
1433690
1587294
2082912
1554530
391867
1943654
1476712
997482
1935479
1529978
673922
358532
913542
1384585
1124491
1788045
1540239
2459792
155793
940183
2153840
1816740
360613
376998
659625
682155
843950
891055
606387
1418953
39284
1556671
784578
2504899
614597
358600
2246857
2209997
1159374
145615
2089170
1523924
1900757
850135
2488356
1374428
690400
229601
1155301
194795
780525
1765614
923889
1900788
2558201
342267
2621694
882948
1833221
375046
831755
555276
2011181
360721
1358101
895254
1229082
540957
1698079
1591584
1958619
1767716
1769765
321830
1349681
188716
2267437
2351415
2226490
1419579
2433340
1085757
2187583
2582850
438667
241988
2453830
901447
542775
2339154
342360
88409
155998
1362272
844129
1933668
1737061
1425767
1100139
825711
1683828
2320446
330102
2599292
348545
303491
479620
244118
2035777
1806729
1110411
825742
366994
1948052
1522070
1628567
493978
1571650
931226
1395102
688543
2384133
735654
506279
25003
922288
1700270
1409455
1481137
2043294
1636791
1053112
1823163
2588405
2353601
2206151
2136520
1110480
2613724
1133021
428511
2376368
917926
1128935
1214952
1937831
1888748
2582610
2503150
768499
1705726
797177
2337275
208832
233989
754185
1176074
2349579
815628
797197
832019
807445
846358
625967
770587
807452
776965
1542696
1085994
2124333
1516079
963121
682546
1137204
1686070
1565242
787021
1774161
1753687
1968731
372154
1660347
969317
936551
1290860
1442413
2202223
858739
2163316
789110
338552
581396
1417851
1761916
2562540
2204318
1878661
1046977
2644619
2333325
1772767
1386848
1047191
2568861
2335390
2138785
934564
1141414
2388423
2267820
1720121
1684144
1376947
1110708
656053
2601659
435658
1663679
137924
1112774
1874631
2194125
336592
2032338
76500
716286
234203
922334
2550496
1028837
2149094
1241836
568048
338682
670462
985857
1805061
1024782
2448149
2409246
260899
764038
1061676
2234845
1325875
1315589
1856309
1039158
1805112
390964
2511536
611466
601909
1696577
2495298
887620
1094470
115530
2612043
2290508
1305421
1821519
299856
1756884
138069
504663
2478937
1827676
985949
2564581
2382696
2184042
1713004
1356654
1142589
656245
312182
44521
2234050
2403194
1751931
2358145
2575237
555910
2503559
381833
2296715
97164
2315149
287213
1174419
1465238
684951
1751961
2558878
2208671
1395617
2401186
2118564
2087850
369580
1110959
2304945
681374
2026424
168889
564158
255819
117702
1035207
846795
1483724
455629
781269
2307236
2393050
2517982
1110523
2139108
1121253
2436322
689132
113645
1182702
2505609
585834
26793
1872888
1020
117758
1696768
1643524
453637
1913866
91150
1997840
1996291
2079764
341014
298010
740379
1981469
2202658
2075693
2204729
2321466
1332284
702986
321376
2446859
181320
195658
2410411
2188366
1560504
545876
1299542
468057
1344602
1182814
2014304
1270886
853095
1617000
377965
2221166
1469556
1442935
443521
2544774
781449
1025162
197773
1189006
361616
1776785
1817746
1164435
1043606
971934
953503
122019
1750180
1293477
236712
531626
375979
2151599
2587828
1600696
1373370
439487
1481920
386241
1221494
865479
490703
824184
355538
1300686
83158
2034903
808157
1037535
877793
1338594
2012391
2272488
855276
861424
107048
1772787
886005
1580927
2331903
939264
2536706
2348291
685318
2596109
2626831
89368
2422044
1266973
1037600
541985
691495
2026793
691500
1324333
970031
2436406
678793
2561339
1925002
1320502
738633
2415946
1602892
1361122
1621327
1414482
1261528
2395477
408918
1185111
2395482
1017179
1762653
357726
908642
56678
2168170
2446699
2422125
1291632
2127222
2062828
200064
447875
2596231
1602952
179593
917058
624019
1947029
2348438
1422746
505243
2622878
2499999
2114800
1627559
939434
1196677
1265074
583098
443835
849342
2504133
404935
1697224
1363402
959949
2291151
15868:
2022272
395649
1387650
1632833
1204745
2120076
342031
835351
1220040
647561
2515580
2046377
1376812
272174
1889328
646984
48052
2571305
1988919
90554
767678
1091264
900289
11962:
2076442
1060090
3004:
114176
1770688
1788733
1249545
1163051
328877
1058798
1044783
2502537
1694135
1015481
76061
1937310
32:
1375625
2577409
1197717
2576137
121098
2062167
1117454
1332585
894232
1055770
146203
2258640
2380830
1729968
1382435
47917
1560413
1336886
1744393
2414138
2381884
920131
1210948
639301
239431
2152776
1481424
423758
659281
190547
1378645
1971798
262743
1167674
1398620
2282845
1736800
1284016
1301423
2417766
2634044
314987
2301550
2004591
1183860
2292853
1740662
984439
1191803
557776
217982
1025407
1448064
1858178
2140803
873:
1885040
502658
137157
1999176
921802
2510679
1772940
525186
1480142
439954
1327571
1374420
2323862
2089047
367512
2617241
1060123
1071260
823557
1843809
1660443
1793253
2440358
2004991
603624
238892
2103314
2434726
2545840
892661
333818
98623
1973450
7418:
1242659
823364
610693
1897382
1151943
1507260
225258
2446732
10838:
850625
2509283
669100
15447:
2060418
519491
367108
2098565
2010694
1080008
301193
1391095
12783:
577314
2260020
108949
13082:
2101248
804864
544427
841558
2506053
2463489
1166344
1797641
733652
186891
986639
360976
1902097
905132
2325301
1499094
1484314
612892
567837
1648670
1423745
1186848
1752611
2024484
424229
165415
2531370
997317
2449966
437807
469040
670770
2531379
714804
2238005
1209911
101435
840254
359349
1202240
2241089
804930
298051
2297926
290887
969484
1970762
2049611
1013329
2329683
1808982
52311
1088600
1526362
1368577
1803105
1256444
1649253
1123426
2464357
