4817:
812009
2003542
131342
1129856
2153178
1377211
1243507
2526434
802283
2114595
1717116
2268620
458787
4818:
1279272
2228011
769555
1548570
4819:
1623132
2393632
1705134
2028571
1114228
1807349
1899746
2604023
884870
1167931
1427330
726543
2259598
2455340
1666920
2450433
1380915
1162210
200692
2298957
1445724
909199
2086265
2188580
2382660
1600623
1890844
229634
849929
57012
1636951
1214955
1638161
250340
759596
1679407
1631728
468949
1211016
359835
1347741
1086684
321794
2501899
812726
2467457
39375
2346240
1988192
1281487
482:
1012119
192109
1245396
435711
735329
810926
1714403
904965
733724
176543
1224458
2537285
2377899
8896
1550161
811057
1847713
1545596
1609058
1133788
190795
2025167
676076
1776702
2582631
1522435
2344186
2030107
510662
1525719
1557379
287639
840815
448777
2299907
1569734
2176074
541481
191378
1970837
1222839
205754
2287092
742293
2128324
2498229
1411959
1211234
424384
2607193
1781467
337785
166262
2334949
850414
945961
2238411
2596588
790209
1880699
2176897
515616
1447023
1240513
173942
1580584
507771
1306586
1476446
2549268
1724846
479469
270318
2083166
1596578
88073
1659821
2609409
47726
232566
902208
2544437
1015734
1441662
1074396
519806
915723
489517
2570707
1425775
1037889
26472
1167684
267369
643978
1689084
136562
1673155
1639679
1006518
2172106
1135141
1002367
2562178
969165
2170906
2533198
421858
2151076
832456
61826
1736373
1690024
1762328
1687301
2215479
229969
2346909
1117508
343309
395860
1806161
1672843
1969372
1447936
2095209
954394
1668801
2329724
2624239
2624238
1293955
713850
770825
323519
1964614
277342
722076
974460
41379
2426280
1133728
267076
573951
1411459
779736
843610
606014
814729
272190
1724881
2426723
334544
207884
751996
672442
13773
2520759
1498753
2052508
1329041
1324402
1367170
2567002
2514467
2091606
2180553
476126
1189807
184597
1457247
1442057
635091
1193336
1672193
6686
1475587
1512904
1838590
1351589
2071465
2271965
548872
1683322
2492156
794358
1564924
2371465
2389998
584339
2201279
537524
2604129
1037978
592104
1401490
1852766
821605
743542
2480681
1776003
1359375
9580
896153
1602566
1614185
1151439
2080296
132358
2543695
2047880
1876856
65775
1716169
2169070
458039
1151111
293944
801536
1532390
884762
2267017
1075292
1153327
477486
995714
2160216
733089
1704501
1343414
1504745
731541
2235074
954619
154047
833844
1733418
1940620
1769618
2370226
1557371
1074306
422110
1017234
719863
2609995
2398718
1282402
1083876
586645
669491
1820167
1114044
2026588
7088
681224
140070
1713356
2169098
2365974
2515563
2447371
498461
769504
1965877
1147101
1473063
2331504
1753332
2518937
1790371
881178
762111
2290039
2167058
998395
1335976
2420331
1128275
2274656
949460
1003851
193059
1893897
1677420
1061270
900819
475266
2500866
219174
623070
1385284
604877
2363739
2309079
1321552
1608354
2292268
230214
607102
2481944
531995
1245829
1100639
671174
593549
194539
1743864
917058
1068721
1138285
2249444
2253803
2037799
511306
955393
1325794
1815903
1107050
193139
956606
1288983
820414
2575694
1553813
1509673
2381537
1970237
118115
440457
220216
268110
97709
2483520
2050111
1592174
1370022
2229275
1701932
210881
1676648
1042186
1805330
353827
685795
77276
194540
707962
979340
1467766
2271516
2309409
8094
2538322
1732177
805004
1339467
1762683
893368
645269
2379903
591638
378693
2581781
527868
2432677
1819549
2612939
978865
2115898
1172911
1654681
476654
2226555
1964445
1599867
91613
1470150
2532880
1763704
22816
1054966
157419
1523436
2517493
1285256
2117203
1183923
2501290
2571787
1938854
30246
1667289
586276
229798
915354
1536796
1185700
2083018
1585813
53314
827427
1027210
2074766
446212
2087641
1314197
2320808
1859031
701605
1612772
767945
29483
2310089
979383
1837641
2301239
2520738
2261374
2207326
24800
1083365
2199110
1600744
2108929
2171465
1605680
260341
1069643
979436
2262777
1797754
1117842
1511474
121760
1413820
515746
2185193
397522
588739
1360098
1593485
1330706
535987
298606
263310
1613737
276959
1678309
2525727
468194
2230918
566310
2474081
2275926
2254708
1836497
2349870
2402606
4769
627373
2400136
863032
206064
1464787
2569104
1236
1262556
2286500
1750920
1095908
514028
2077657
1576932
93916
2055954
1775176
112684
2032095
879086
1321717
584789
131
676631
1543288
2080584
1693700
1379138
769193
878697
2006495
938541
1950590
384633
705341
2190436
114040
1353745
806870
1222943
2399337
1496870
894775
381762
289635
250159
981117
2557693
1463056
1553556
1672196
782241
260471
772206
2201202
2095898
398754
1325888
1463360
1461349
309682
1728697
760668
68002
1552396
582144
2300499
2503034
1227158
904635
865631
1091962
1100066
365957
1772630
1478345
70124
2118102
942242
1748091
960350
861129
945045
2547160
2052084
1068948
578571
2463772
292091
1150743
1000182
1129557
1101683
298780
936949
920049
2575332
2314704
2485583
1900123
2388323
866464
880261
804156
459797
2036318
2387429
2166211
948159
383858
522279
1910627
1273375
1754571
2459942
2506987
562045
1458214
369147
2262698
1293267
168900
1104566
1377382
2359467
1672509
838321
2511542
59253
1974538
2218284
86374
1282026
768066
2470015
937673
926804
2144373
215947
370215
1264152
723758
1479771
32762
432157
1421280
1031586
1182701
2528897
1534158
1794211
763673
2340143
987026
1205791
1915849
1365388
2221498
2558393
330733
1546074
51606
1411990
980020
702189
2509094
937954
2184548
213326
1298596
458536
884615
519429
1472214
115518
435332
911777
226240
1066556
249148
2107858
1224715
117619
2445102
621545
1071528
69907
2199666
1431496
842099
2034306
2214254
2361883
133734
2496155
181582
1822756
159645
1483812
1115310
1211063
796727
1218969
401156
1428537
1080662
1021366
1817286
2179747
1665198
2399939
2151592
656725
1336946
477232
1030710
1806985
2334182
2363106
1949690
628593
1395058
2121860
1411751
385208
282737
474331
315883
1703610
2124416
609086
1848170
779303
141176
242352
1294014
2271894
2506942
1873597
2310986
1919033
464382
642506
1760016
2628775
2268522
334730
358302
2166987
571113
576837
1120862
1347631
844347
1252877
1932177
2357036
2028880
844955
2522473
2069331
1935683
90565
202445
2643074
467246
2615367
109129
518128
875644
40049
428286
2648451
534579
1374905
1651326
566853
177493
57019
915875
50402
850084
326524
819313
2021004
197809
757113
1434169
573718
745330
137895
1071401
1563518
2263046
292591
2080902
2352537
1448487
2150059
2596744
2588205
1987958
166033
373431
1523142
2395787
1169553
166014
276174
1924502
1460288
216072
59099
1773318
178925
1298816
1887074
768740
1919302
1047008
1120039
291703
1520154
1797635
908795
1637823
2223290
444523
610748
1889625
1008186
2457127
1492872
2229466
1071210
780784
1027941
299341
1210455
988798
837143
1379393
2491885
846702
102545
979954
132163
1492402
2508034
2582768
1727926
397075
2402803
168049
355848
2229008
171174
929921
129501
932884
2364624
64101
146023
46187
1984525
1446744
1278254
129320
2581115
2137188
1839030
896661
750184
1420219
1452122
2592818
389401
1676384
151707
2280250
2348960
72761
179884
1539972
288501
1137713
350351
2541891
2626808
1929219
526181
1100719
1997630
725961
2248947
1632007
70511
2042464
2435478
1266973
2440617
2175156
1482579
1459368
1247363
1959636
588340
1276097
1362092
1685494
2262309
1804672
1137037
2032465
1436317
160731
940470
542299
241920
297148
271265
641419
1955691
2234088
1243012
2647785
580716
1116736
5948
1692369
1470035
1407535
2402053
2339903
1522382
175876
2147575
1600379
1797408
1832308
2213720
1135468
2604003
2574196
282450
1558102
137131
1032743
2104
571947
25372
68638
2070226
1771943
726313
1284723
2339709
2124645
1854164
579586
2223890
1835811
1170673
828046
1314057
515115
52866
1237092
2046346
476334
1988810
992291
2140299
2274903
1941492
2362455
890418
2326912
2333960
2239088
108990
2072498
2234449
267858
1397501
250369
2551224
1766747
2169523
1806011
2401239
365741
2262836
2462682
364983
1114422
1748452
1166290
2047741
1525858
1727122
762672
1805904
2460580
453895
1098793
1519872
1523659
1836998
1025153
624168
2339922
1948482
330847
2227509
1211043
1292962
685091
1138760
2003634
1318357
2646994
1604531
686156
1205205
830981
1650026
561
1059796
1558674
14253
2455479
861294
226544
912489
1349278
2577969
330771
280824
705049
2281224
2566932
1982221
1596652
378500
2518047
2017847
544754
1517925
900377
1134997
1532943
1996930
2200864
2509611
1295112
2206099
734918
586567
1597455
438457
1490333
2056772
219534
2104227
29432
873805
1328060
839474
654588
427783
130797
599484
2063445
60658
2441264
1482434
1514875
308636
620847
1205286
714070
2443047
277285
2295182
1124729
1631004
90674
1093845
436942
1040768
1890827
737803
1252852
1556665
2062675
1538698
889598
1978386
526081
207475
1192807
1934884
67004
1148794
1996311
434456
2398819
1581403
2406399
2064895
492299
2617918
1159065
1635477
845410
838275
2361140
137229
571036
2467928
1543897
1653196
29442
1965984
45940
2214952
2513915
2085754
1088657
1423270
1973675
611603
991414
2197440
2292348
475336
1220645
2103751
2140351
647150
2574646
516273
587823
1119289
1403264
1729877
1855150
1316077
2304550
76833
2005164
718165
1583681
602154
2164023
584895
2379326
1648488
1952943
2291479
1420386
514606
2090255
145210
148256
1408955
1914977
1819341
2340908
1570035
2616124
565338
714065
476563
367317
2582925
1288837
1177143
1718348
25171
895695
2434379
1461929
438561
1143046
619163
2414466
1930673
2479855
1800534
1321311
1880577
1630808
712996
756532
2427358
1963295
130243
117363
8664
251777
588883
163559
1915962
511585
1636102
2603463
602544
1325149
2047412
1408968
575036
1882192
2293344
1164204
1421548
2397000
1063319
2399959
1174860
306311
238394
437086
1380611
293227
1299542
1960365
2174509
8081
1519280
987926
1384702
2581155
964313
624122
1936292
751358
2168215
1891083
1844911
1562428
1106174
1193108
1829661
2194555
2554015
2181306
158082
513911
1845065
931577
762626
1897099
1233076
2191172
2107290
344622
478853
1861665
469262
1570168
2376435
1423681
316421
1310713
2061098
428030
1935633
1187087
1982448
1926374
2176521
2446511
1510283
1998605
1380789
1369304
2399479
1953990
1026323
2432065
1777573
586724
1259291
175799
2419127
130061
492910
1753422
663940
2223523
29212
1839877
1106156
627669
1002988
532654
2008232
2321561
948583
432777
2501309
2205481
352611
112689
1060100
2266220
1949449
317638
359760
2332438
1036033
253492
872858
452250
1697929
127305
434442
1806655
1247614
1500643
2151955
523946
1220300
2450360
1174812
304106
2307370
87558
655122
426244
641789
967214
255120
2433106
1953344
1025133
48706
761176
1627577
2187099
2386067
1475691
1258025
4820:
1996137
2264457
1773512
1953841
1945581
1595636
2010523
1373143
713048
12759
16275
926573
764328
2222866
1626832
353794
1714298
2383395
1767302
1570495
2421763
150072
2493769
528001
636401
2321882
251118
2024193
2520808
2244580
866869
332692
155245
751815
210722
1534563
54355
2519410
122901
693319
1468828
2625405
1462599
450964
1250977
1966370
2417600
1221383
2384300
1264985
2117739
1984226
1936844
1931089
1964076
975536
396747
712736
628588
1554057
352838
2588684
2423504
1744175
38830
207986
930958
706998
4821:
498182
681229
4822:
2306233
510310
2052563
4823:
1686321
244079
2596097
82020
1830066
207038
789530
2506475
1643637
38147
1438260
2510054
2160486
2545053
243278
612634
45117
177816
4824:
693728
2472213
1352892
736483
2084370
1031090
1473935
2456204
2514164
1579747
814769
563210
2330253
1196477
2427900
1793794
2299612
2088136
2474555
1729403
740099
1908826
1415218
787510
612063
348603
355862
453259
85363
812707
1921224
615406
238896
2535768
1538771
449074
750138
1448561
489033
2423271
227170
356061
2395317
1943918
928497
2420208
783779
861267
1814753
798148
2575846
1872253
2202408
2016490
504296
2328739
1083975
735171
2288896
108199
596158
1389849
565892
2648316
1982884
935881
2363172
448736
1928857
1112855
2629405
2500738
2496284
169469
1657423
2579088
1444057
393663
2414141
2287608
1857816
1656752
769948
1040034
348000
201681
408840
2129592
1470683
589138
941905
1804184
2169633
801294
1185586
1493326
1847975
1282472
221165
1209621
1080303
465161
2058200
1647649
1893772
1301143
2513832
2574649
1468010
496141
576590
2545709
2497083
38959
1632393
902361
2123800
1638603
2139693
660173
1715322
2584937
1895952
2329009
1623063
544861
16154
2277372
1913129
413371
417165
59993
2132252
1456920
1924055
947115
1058831
4825:
2402818
1167579
609387
1578868
106981
1330662
1510413
1521769
783585
877344
859453
978309
1777357
1973114
1236993
87113
642089
382405
2537034
2065658
300435
2498810
780850
240923
551208
671910
1301132
2583202
2399389
2186555
4826:
135314
1513036
1922937
1032529
1018789
78091
1531080
1013862
2205724
4827:
706417
2262126
1738557
1287249
1258532
623670
4828:
1409157
2105389
2284552
1990167
4829:
731139
256577
1489235
1431432
641695
1307844
2149998
2605357
1220901
1910658
2027534
1754836
679445
1491331
311271
1691
1319946
1404021
1983762
824562
1750434
1268887
2557435
1497241
567866
1998543
790505
2617673
1332013
2432108
1442902
824133
1573046
694422
1129140
165383
2076102
832130
839993
585325
1400375
476183
102736
497056
688702
458725
697046
926200
1432662
2180261
182378
2101154
2364490
1018192
941144
1254672
2455592
1454329
933801
2503298
715022
2535140
1715735
257359
767873
904245
2244060
430588
1481210
501060
1467280
1322602
393287
2605407
1391029
2103333
2055064
843082
486391
1869382
1850814
2186404
1150754
1477587
1309002
1098964
1524355
297901
2438443
2088661
1490752
1278103
2081751
1176800
7660
2628651
932934
1307137
2565504
515137
1107636
2049099
2427265
915446
1360226
1057308
2051892
1338843
292182
1807861
401137
1006085
2089070
612973
1333954
2096137
892229
1918913
2284082
2481141
1950527
1597690
550678
851866
602344
2117509
1876151
662372
1145955
958676
994769
299218
1618860
879484
465131
2244888
1846279
190286
1180038
2637080
2064252
2106260
583373
714605
841764
835203
1782858
921528
124660
1149616
568355
1375201
2337848
1618217
99471
2154497
585111
1156706
2648894
868680
2320638
1320505
147254
1236350
2113683
630531
2489262
2162131
2083446
1373643
580596
455044
2512637
454497
1478573
393247
2074443
1833412
1368848
1355735
292894
1742272
2613121
1833000
347732
1074789
244061
540725
309167
179223
1088269
2098310
2278863
2561889
9045
2044058
1290095
1918272
1645795
1425234
249687
2076910
1112207
1822999
2397204
1797825
2642884
215763
158890
881979
237585
541974
2387269
1155305
2160180
2298444
2037687
1338708
412848
1426346
484732
157940
981659
2137042
1771397
827508
1807581
2066087
449533
154130
1186441
497625
1362041
1901176
1754461
149857
2636472
2204146
81300
1424243
1199065
88891
459817
2324928
50747
642943
747060
1285497
584980
964175
2393834
1579398
1647735
1735420
586356
111803
2356207
1601403
997185
1496361
2565028
2440639
2591929
900110
902509
1279202
1509320
2151819
1152026
1239396
144176
1004200
1928406
2635382
2277243
1903717
152206
1064664
257338
70209
858841
838759
53165
1321189
1421323
1437613
905669
432370
919940
606471
2396013
1082353
1640516
433601
2608858
345400
58792
791612
1289393
2080391
1272262
1635933
534387
1230786
2456767
1211946
2596083
1084626
1777430
244455
2178995
451802
2188743
2477445
49927
1004379
1558299
2642544
1769459
1455396
1342597
812310
526370
1441815
2404301
102178
1241395
51002
1464862
1926593
