1:
30878
2647871
1283744
2488120
317050
1904905
1989766
14756
1027056
1149588
10:
1952305
1531863
1000:
2326571
977808
1010534
1861759
79755
98259
1960212
97460
2623506
2409123
10000:
200206
523108
10001:
262828
2609496
1474804
831991
267142
2305771
220050
1959883
27822
2570808
10002:
1450941
1213181
308502
2581993
10003:
1515111
10004:
1737087
1270334
1262711
1903515
2140798
2479158
2161335
2099522
1291600
2198877
10005:
254775
1892654
469365
793736
926698
10006:
1093333
1982605
1534853
1632583
10007:
1204847
2160216
248206
835054
1064667
2419805
2084848
671106
2087887
1340891
10008:
1813636
2048630
930946
1492860
1687570
1122917
1885441
10009:
1927533
1789102
2263612
964421
701514
2120902
1001:
1050889
67976
1025642
624334
239718
549109
143504
584301
437680
2434971
10010:
1462925
52050
650466
1813166
2224061
815731
154626
531384
696688
1088633
10011:
1624701
2646826
10012:
2445069
1483604
418164
2491070
1485175
1043648
1913770
2560523
2416960
161063
10013:
2503691
1222878
843201
2271154
1346139
124014
1501028
2201453
225422
222553
10014:
1626179
1359761
430376
723484
839609
10015:
975179
829739
1732761
2162539
933118
467156
164480
613439
1312973
1769664
10016:
1751359
234929
1759349
1604433
1003759
10017:
2280428
1129341
1377724
10018:
305767
2316945
2173031
676747
354053
2119257
2282361
1670793
1960248
73918
10019:
22036
1126085
487154
261890
204512
2350988
943653
1725053
1967016
2042897
1002:
2174660
1685301
2030264
1419286
2520929
2035568
1288929
1680156
1858104
988266
10020:
922636
1967058
1949297
1562927
2138373
431122
1077653
167248
776126
722639
10021:
2366406
1033592
249998
1205724
10022:
510391
268014
2511719
661571
1824779
2178013
2104013
1829777
10023:
1429287
1321374
2563028
679315
1363076
982889
2107604
2286495
1756370
2317624
10024:
2059382
1210053
1654205
2027932
311377
2161379
1611053
516686
2529292
2248946
10025:
1791064
10027:
401511
2354884
1951605
1609548
2620148
37748
2414149
748800
1050405
408479
10028:
1986255
1312610
1527666
1606775
1649392
1522640
440956
10029:
2293890
1141552
1823836
2551226
10031:
548690
2518265
1575474
2203195
1578801
2614194
1224756
2157060
1528644
10032:
2329101
569745
640080
177766
1949239
624145
709091
2104131
688765
1390809
10033:
1989027
1227591
1810636
1335621
1001590
1207661
1401075
2403799
791223
639727
10034:
2107088
69088
10035:
1651047
811486
2112205
2070135
2148631
2212430
822400
49255
801884
1303306
10036:
2105693
842613
2557615
2125051
397569
2636037
2063030
2159553
1531624
437680
10037:
253214
612895
769764
396150
2555464
1988133
560277
1839686
2569369
1845071
10038:
885147
1144499
1411630
1069925
836219
1417121
461985
1148007
10039:
102104
1004:
910485
1970126
1557423
2148643
1520624
1231161
1590435
1913414
1535671
2412109
10040:
2417853
1207062
2487973
10041:
869522
61343
1325876
1786012
2387403
1595112
505035
181533
786031
1695980
10042:
86062
449288
1200637
826793
358207
2478232
1652074
738504
2349053
1359901
10043:
834820
852886
2204494
774717
1406050
2317868
202667
1728377
2048837
1103080
10044:
1443524
2179335
1641999
1084367
414171
1618140
2562136
2502874
2625427
2604177
10045:
2314434
10046:
1178866
803423
2506142
10047:
205729
827378
711436
1636386
193212
346924
1951856
743660
10048:
1590947
1367805
449591
1293456
1741802
2350428
1295702
10049:
1430873
555892
2082280
1005:
188792
239493
532649
172948
1375320
2262661
499648
1992424
2520684
202738
10050:
578168
498400
2540580
443256
763359
1619179
10051:
1992514
1444088
1181854
2640987
1637718
99993
2068042
2263492
42667
2183823
10052:
256656
1205948
1748906
2018103
2597320
10053:
2498427
1424098
2346412
1603364
2245155
374663
417525
754005
474325
1518947
10054:
1287459
2106757
1495930
1203103
1496895
656104
1123422
692590
240181
1728861
10055:
858554
404922
333277
2160155
218872
1096960
1916237
703706
2166546
1608757
10056:
1787873
1616351
935806
559484
1124592
2622415
1036019
10057:
287967
2030226
1602132
1594434
969182
1099833
10058:
1300105
2626413
10059:
962754
1006:
1004708
762076
1403722
1902516
2406158
2435695
1513947
2611526
632767
1640206
10060:
2205605
2487299
1224482
1885736
198094
521705
2473355
1539568
201780
10061:
2603559
1547800
2151013
129921
2351046
1880166
435536
1435041
72207
42623
10062:
1084001
995737
10063:
2646124
1059193
2498639
2232100
846288
1891279
326040
2220804
1147138
477002
10064:
66853
2242375
867948
10065:
2644587
1866984
311779
1022903
2245995
2030254
443483
848170
1615808
2543696
10066:
1544919
1712360
964645
608114
1943448
10067:
1747200
212759
1678519
1025440
2400195
2331378
1715415
10068:
2169183
1200359
1477194
1861603
1516386
2217808
10069:
2140139
1555169
562543
1007:
95090
468346
84508
2202141
2383688
10070:
1611581
2116105
2126134
10071:
2278157
2608100
653321
461910
2509839
993168
347785
199585
968059
2469183
10072:
1721684
948069
747395
1541854
2436553
2639141
152517
968466
852660
2332407
10073:
855860
770122
2027058
166603
2524705
1027050
1842060
99477
1754430
1128682
10074:
2008983
879596
165823
1606342
1152053
1056823
1810386
2236080
1520576
210601
10075:
2646449
10076:
2272830
2624371
506736
1429578
2592263
1502898
453610
10077:
1707924
748800
1265934
454612
1274786
454878
302198
57012
600141
835474
10078:
2620220
2028757
582862
2116134
1026616
269374
494658
1312224
2549758
2526970
10079:
917805
999532
2154688
399926
200206
210481
257648
1352799
44620
225449
1008:
32950
2518523
1733072
1619646
2620565
574670
124611
1968788
1791274
127088
10080:
229220
1296825
934140
2518320
683880
1409611
2324522
1515269
650808
624334
10081:
252944
1253220
1376599
298750
2408948
365261
2542796
10082:
67679
2105693
1484526
2032893
1088027
2015749
1137317
830280
1241315
198422
10083:
939390
1128494
2517616
1752856
1417447
2527611
464815
652692
2161939
2218833
10084:
405427
1756658
872398
2271220
166456
1415218
8336
236368
1422520
1072752
10085:
703763
940556
2337151
2392090
1124270
1591560
54355
2220597
449440
40391
10086:
959126
2219036
10087:
375337
1049398
94719
157954
1480539
22133
1990078
162756
49355
2508097
10088:
1308505
1563881
158563
1048939
527634
2631668
1888501
1714428
1087650
109659
10089:
662823
1693997
1985602
2345955
1205751
1009:
771276
10090:
546726
1586837
332198
1379079
957953
1819779
1157016
2606628
571514
153301
10091:
278568
1662187
1945220
151227
10092:
1404357
2170522
664256
2637702
1407307
1540482
1437035
2239532
668597
300819
10094:
1188847
233058
160977
1828647
825904
947651
845196
1061602
1535959
490534
10095:
880039
979
1146509
1041412
62801
1983493
1647549
2208807
2488843
1577198
10096:
565596
352740
537085
2104526
2296897
1620113
215385
844899
1448808
244360
10097:
987345
2468875
1037533
938703
1224959
737514
240869
298084
103889
255531
10098:
97745
1259636
2369255
1855379
1037808
1791296
853788
10099:
2455256
2519214
2635437
2337346
2335075
1962908
159847
437074
80947
101:
330551
1777623
1151314
812892
2093536
315550
1010:
1146212
10100:
2324555
2360507
1539212
1105663
1842677
1721751
2434170
794874
1233297
695070
10101:
74841
380135
2092613
546941
2618683
1141923
395826
2160684
2255687
2388691
10102:
368343
1331469
1971789
2399471
2051508
845683
1447132
2570852
2188435
211898
10103:
1590111
654502
873881
1320926
474648
1952473
2029890
142244
2148425
2443898
10104:
579875
10105:
1051186
2545999
914059
544673
841235
814989
122726
1062102
1880295
1577724
10106:
1946174
1351959
212759
2082078
1027103
164303
1806932
10107:
1767208
1775841
1179784
1964378
1461767
406122
936167
740582
52747
1649232
10108:
2348342
1648017
330221
10109:
2269854
1285978
1171375
1976232
225729
2135891
1016909
803322
1216326
2535874
1011:
2082617
1314997
2246439
1222245
531398
1375578
1005940
415580
2599883
2624550
10110:
2053339
320177
10111:
1452689
2194510
1286779
273280
1863002
1784953
36760
111054
2358701
1437407
10112:
2155716
485943
473137
1433767
2159654
1559910
1774121
1575903
1903095
2258395
10113:
2069116
1473357
75882
2054733
386373
459053
501173
10114:
44317
320814
2098867
326981
2184469
101930
862854
1128254
114753
1519729
10115:
425908
918233
338916
10116:
706338
2522445
1969563
200215
1409864
758639
758318
1100638
2295885
1487845
10117:
454849
1204904
776260
922615
1277457
2181970
1506293
873637
2262753
2310236
10118:
2041199
1079060
10119:
1829027
899232
609690
311271
1959320
1273428
1711859
1210574
623294
55038
1012:
1614555
1048963
2583831
701770
1380686
125559
689700
656501
808135
1261010
10120:
276210
1545957
2357046
211108
2388007
10121:
1938835
2584094
2056844
1761707
2590532
2196865
1068659
26750
1079045
690334
10122:
749532
826184
1817678
1038642
1838848
10123:
2325249
1437364
1719889
1650908
621593
2396721
1991783
361552
1763387
46705
10124:
256860
114018
1189991
1814005
235095
2605503
1311185
1147039
553063
1316762
10125:
734545
2605498
454233
2113480
332175
1234558
337752
2114321
1720671
644151
10126:
2487921
712664
2159955
1330229
2416619
774887
631638
2476195
2584549
2638724
10127:
131871
1434500
2134678
10128:
796398
2483928
983042
1400057
2626714
1637138
1086688
1639418
597219
625802
10129:
731890
501313
991956
1062996
966626
1922359
1013:
1576556
465713
971033
973154
721992
2260709
2381354
865748
1026117
213408
10130:
1750296
333302
1691233
1630769
1952672
1292906
1123804
708545
537553
2145411
10131:
529624
2087478
177642
819546
1658101
548935
2600777
1823798
2228661
526193
10132:
666416
2566190
1642019
2100210
87185
2066443
1060432
187834
1091085
2647490
10133:
681703
1013970
59052
2108085
952423
657997
2046538
87817
1298051
10134:
373243
1262679
376162
852409
2592540
10135:
1375234
512284
2024858
1455355
2007722
1996872
1360255
833441
2380258
2152930
10136:
34872
1125980
1450431
2410335
10137:
987706
1493907
1994279
1489003
276411
1777888
2158095
1578429
60194
2328034
10138:
2183983
793082
2276375
10139:
1844666
827420
792357
127040
2202191
2065021
571956
267856
1203619
1466940
1014:
1345228
1821073
349596
2250613
2542972
2332581
641016
279120
1266026
2186716
10140:
356893
1351463
860407
220144
1225818
1421606
2142990
1110425
2109739
1971494
10141:
1575559
2611748
2495988
616280
1779352
484681
46493
2278117
1628558
1902621
10142:
1443077
1508325
1680622
1379773
185762
2510662
319398
205005
2019879
1460768
10143:
51762
2174260
652869
1293661
1188085
1277858
1410931
766766
2647856
2065639
10144:
960028
1109059
95673
1743955
2003130
479695
258894
97370
580817
2056874
10145:
757549
1975980
304201
456529
857405
1722986
10146:
2119034
1486442
2619865
1540466
1494255
2629234
10147:
1940735
194825
132881
196496
1643901
455962
237688
1081360
371897
2530472
10148:
361261
830443
743490
1187835
1103422
624654
1104006
2179203
923301
2054289
10149:
100888
1015:
455527
2452816
1719439
1616135
995223
1152403
966426
284973
2311304
2204490
10150:
1680283
825353
10151:
1115434
834164
1961844
708900
125102
701960
2435449
240694
682261
1754486
10152:
1436244
1696734
1607542
228118
1155251
1211197
1427500
2605003
2479793
401931
10153:
369338
1322489
2244488
2018900
870353
22953
733934
1167696
1508831
2213837
10154:
1040892
2387551
253971
2368281
666546
10155:
1209955
717136
1623353
2229591
367288
2037182
2416460
638772
1197209
2470544
10156:
2382099
474730
1855166
2426850
601435
1045799
1036694
867470
1503303
2210909
10157:
2596225
2000188
2529845
405831
1148460
1579347
2616705
1962942
625312
583491
10158:
2443212
1936779
205756
853020
2431405
1306271
